30
30
0
0
0
0
0
0
0
0
0
0
0
0
0
0
0
0
0
0
0
0
0
0
0
0
0
0
0
857
937
1072
1298
1409
1563
1667
1856
1910
2122
2135
2329
2360
2426
2556
2641
2846
2962
3239
3541
3771
3797
3755
3451
3124
2632
2129
1829
1478
1278
1093
928
752
660
527
485
419
351
263
203
154
119
122
93
102
67
63
66
53
66
64
59
49
67
57
59
60
58
59
54
63
51
60
59
51
58
69
70
50
61
46
57
77
45
51
52
49
56
59
60
43
43
54
57
59
54
31
37
42
48
30
34
45
47
44
39
31
45
42
42
25
33
46
34
39
31
35
38
31
31
28
29
23
34
37
23
29
28
28
21
31
29
24
30
23
31
27
26
22
31
20
19
31
29
31
30
18
23
24
27
16
24
14
22
23
15
20
20
24
16
14
28
20
21
19
12
16
19
23
19
18
19
22
24
29
18
24
17
15
16
13
22
10
20
12
24
29
18
18
23
12
17
25
20
23
27
13
15
11
15
17
11
14
17
18
16
15
19
16
26
12
18
24
15
19
19
24
21
15
17
17
17
16
22
11
19
16
20
10
15
17
12
19
14
21
10
18
12
10
16
13
9
11
14
11
9
9
17
16
11
8
16
6
15
9
7
12
5
8
15
9
8
12
9
6
9
7
12
7
6
5
12
7
11
12
4
5
8
4
13
7
2
7
10
7
4
7
4
8
8
9
4
7
8
8
8
8
13
9
11
4
7
6
8
10
11
11
6
10
5
16
10
14
10
7
10
7
11
15
21
15
15
11
26
38
35
34
40
44
47
57
53
63
62
92
94
94
90
94
105
98
113
101
91
95
87
97
96
78
73
71
68
66
47
41
33
30
22
23
15
18
13
14
10
6
2
10
4
3
4
7
2
2
3
3
2
0
1
2
1
1
1
5
2
1
1
1
2
4
0
1
0
2
2
1
4
2
4
2
1
0
3
3
0
0
1
1
1
2
1
4
0
0
0
1
2
1
1
2
3
0
1
1
1
3
1
0
0
5
1
0
3
3
1
0
1
0
3
1
1
1
3
0
3
1
1
1
2
2
0
0
2
1
2
0
1
1
1
2
0
1
2
0
2
1
3
2
1
3
1
1
3
1
2
3
3
1
1
0
1
2
3
0
0
1
3
2
3
2
0
0
2
0
3
1
1
0
0
0
0
0
0
4
1
0
0
4
1
3
0
0
0
1
1
1
0
2
0
1
2
2
1
0
0
0
5
1
1
0
0
0
1
0
0
1
0
1
1
0
1
3
0
0
3
1
1
0
1
0
0
0
0
0
2
0
2
0
0
2
0
4
0
0
0
1
0
1
0
0
3
1
0
0
1
1
1
1
0
2
0
2
1
4
0
2
0
0
0
0
0
0
0
1
1
1
3
1
0
0
0
0
0
0
2
0
0
0
2
0
0
2
2
1
2
1
2
0
0
0
0
1
1
0
0
0
0
2
2
0
2
0
1
1
1
0
0
0
1
0
1
1
0
0
2
0
0
1
2
0
1
1
0
0
1
0
0
2
0
0
2
3
1
0
0
2
1
1
1
1
0
1
0
1
0
0
0
0
0
1
1
0
0
0
0
1
0
1
0
0
0
0
0
1
0
0
0
0
1
0
0
0
0
0
2
0
1
0
1
0
0
0
0
0
0
0
0
0
2
0
0
0
1
0
0
0
2
0
1
0
0
1
1
2
0
0
0
0
0
0
3
3
3
0
3
0
3
1
2
1
1
3
3
5
2
4
0
4
0
1
0
1
1
3
2
2
2
1
2
0
1
2
2
0
0
0
0
2
0
2
0
1
2
0
0
1
0
2
2
1
0
0
1
1
0
1
1
0
0
0
0
0
0
1
0
2
0
0
0
0
1
1
0
1
0
0
1
1
2
2
0
0
0
0
0
0
1
0
0
0
0
1
0
0
0
0
0
0
1
0
1
1
1
0
0
0
1
1
0
0
1
1
0
0
0
0
0
0
0
0
0
0
0
1
0
0
1
0
0
0
0
1
0
0
0
0
0
0
0
0
0
0
0
0
0
0
0
0
0
0
0
2
0
0
0
1
1
0
0
0
0
0
0
0
0
1
0
1
0
0
0
0
0
0
0
1
0
1
0
0
0
0
1
0
0
0
0
1
0
2
1
1
0
0
0
0
0
0
0
0
0
0
0
0
0
0
0
0
0
0
0
0
0
0
0
0
0
0
0
0
0
1
0
0
0
0
0
1
0
0
0
0
0
0
0
0
0
0
1
1
0
0
0
0
2
0
0
0
0
0
0
0
0
0
0
0
0
0
1
0
0
0
0
0
0
0
