30
30
0
0
0
0
0
0
0
0
0
0
0
0
0
0
0
0
0
0
0
0
0
0
0
0
0
0
0
835
994
1130
1306
1425
1659
1691
1881
1943
2145
2118
2289
2421
2450
2596
2649
2875
3065
3355
3524
3740
3843
3834
3516
3031
2667
2213
1780
1602
1286
1033
932
810
671
565
523
355
311
261
211
183
138
141
123
103
112
89
65
69
64
77
65
80
75
79
73
62
54
70
67
56
70
62
88
56
68
74
57
72
62
58
68
60
55
66
71
55
55
76
73
72
86
78
64
80
79
66
62
54
69
80
58
51
61
44
58
58
53
42
57
45
50
61
63
45
49
50
56
45
57
42
48
54
44
36
42
33
41
32
38
41
42
32
41
34
47
39
44
42
27
32
33
40
20
28
39
26
34
35
29
37
29
25
28
31
33
33
33
26
34
30
29
28
23
30
24
30
30
28
23
19
23
25
22
18
18
26
27
26
20
31
36
38
26
26
28
30
19
31
26
16
20
22
22
14
25
23
23
25
26
20
28
18
25
25
19
16
24
16
28
28
10
34
21
20
29
24
26
16
24
17
10
20
23
31
30
19
16
20
23
26
29
14
25
18
9
20
11
10
18
14
16
8
9
12
8
13
14
9
8
6
14
11
9
9
8
12
11
9
8
4
6
12
8
9
4
11
7
9
12
9
7
4
12
4
2
5
9
4
5
9
5
2
4
8
7
9
9
6
2
1
5
7
6
5
4
6
8
3
5
4
8
5
9
5
9
6
6
3
2
8
6
6
7
8
12
17
20
24
18
19
33
34
27
41
52
44
71
71
93
96
121
101
130
135
139
154
163
148
187
181
148
183
172
160
163
151
159
157
125
118
112
94
71
90
73
56
45
33
35
28
19
21
15
9
8
11
10
4
4
4
4
2
0
2
4
2
7
2
2
2
3
3
5
1
3
0
0
3
3
1
2
1
3
1
2
4
1
2
1
0
1
2
2
3
1
1
1
2
1
4
1
4
3
0
1
1
3
2
0
1
3
0
0
1
0
0
0
1
0
0
2
0
0
2
1
0
0
0
1
2
3
2
4
0
0
0
1
1
2
1
2
1
0
2
0
2
0
2
1
0
2
0
1
0
2
1
0
3
2
1
2
1
1
0
3
0
1
2
2
2
1
4
2
1
2
2
2
1
2
0
0
1
1
2
1
1
0
0
0
1
1
1
1
1
0
1
0
2
2
2
0
3
1
1
0
0
1
1
1
1
1
0
0
2
1
3
1
1
0
1
0
0
0
0
1
1
0
0
1
2
1
3
1
0
1
1
1
1
0
0
0
2
0
0
0
0
1
0
1
1
4
0
1
2
0
2
0
2
0
0
2
2
0
0
1
0
4
0
1
1
0
0
1
1
1
1
0
0
1
0
1
2
0
1
2
3
0
4
1
0
0
1
1
1
0
1
0
2
1
2
1
1
2
2
1
0
0
0
0
0
0
0
1
0
0
0
0
0
1
1
0
2
0
0
1
1
0
0
2
2
0
1
0
0
1
1
0
0
1
0
0
1
1
0
1
0
0
0
0
0
3
0
0
2
1
1
0
1
0
0
0
1
1
1
0
0
2
0
0
0
0
0
0
1
0
0
0
0
0
2
1
0
0
0
0
2
1
0
2
0
1
1
0
0
1
0
0
0
0
0
0
0
0
0
0
0
0
0
1
0
0
0
1
0
0
1
1
1
1
1
1
0
2
0
0
1
0
0
0
1
2
3
1
1
1
0
1
4
0
4
2
1
1
1
5
3
0
5
4
2
2
1
2
2
0
0
2
2
3
2
0
1
0
0
0
0
1
1
0
4
0
0
1
0
0
0
2
1
0
0
0
0
0
0
0
0
1
1
0
0
0
1
1
0
0
0
1
0
0
0
0
0
0
0
0
0
0
0
0
0
0
1
0
0
0
0
1
0
0
0
1
0
0
0
0
0
0
0
2
0
0
0
0
0
0
0
1
0
0
0
0
0
2
0
0
0
0
0
0
0
0
0
1
1
0
1
0
0
0
0
0
0
1
1
0
1
1
0
0
0
0
0
0
0
2
0
1
0
0
1
0
0
0
0
0
0
0
0
0
0
0
0
0
0
0
1
0
0
0
0
0
0
1
3
0
0
0
0
0
0
0
0
0
0
0
1
0
0
0
0
0
0
0
0
0
0
1
0
0
0
0
0
0
0
0
0
0
0
0
0
0
0
0
0
1
0
0
0
0
0
0
1
0
0
0
0
0
0
0
0
0
2
0
0
0
0
0
1
0
0
1
0
0
0
0
0
0
0
0
0
1
0
0
1
1
0
0
0
0
0
0
0
0
0
