
	0
	0
	0
	0
	0
	124
	122
	151
	170
	159
	128
	126
	110
	137
	130
	123
	123
	129
	129
	93
	126
	128
	93
	134
	110
	132
	105
	145
	106
	118
	120
	109
	113
	123
	112
	90
	110
	107
	108
	113
	120
	110
	111
	110
	106
	86
	106
	93
	122
	108
	104
	116
	109
	108
	127
	121
	94
	86
	113
	90
	97
	100
	114
	110
	105
	96
	104
	97
	94
	88
	85
	92
	91
	78
	98
	78
	96
	67
	78
	96
	104
	96
	85
	90
	86
	86
	103
	106
	96
	103
	84
	79
	92
	99
	101
	91
	113
	110
	92
	87
	83
	90
	92
	87
	93
	91
	103
	92
	79
	81
	89
	81
	80
	90
	72
	85
	78
	80
	97
	82
	101
	72
	83
	68
	68
	87
	83
	71
	81
	87
	74
	76
	83
	88
	87
	79
	66
	84
	86
	91
	85
	70
	77
	77
	81
	89
	69
	77
	68
	74
	82
	72
	86
	68
	75
	84
	77
	87
	74
	81
	88
	99
	80
	66
	70
	81
	81
	74
	62
	56
	73
	57
	66
	69
	68
	76
	80
	68
	65
	69
	59
	66
	69
	68
	76
	70
	70
	81
	79
	67
	72
	63
	53
	72
	67
	72
	76
	54
	72
	79
	66
	76
	74
	65
	66
	57
	67
	60
	85
	69
	72
	64
	75
	71
	67
	76
	72
	75
	77
	79
	63
	74
	67
	73
	62
	72
	65
	74
	46
	73
	62
	71
	67
	77
	65
	61
	64
	72
	77
	48
	70
	59
	63
	83
	66
	64
	65
	65
	66
	63
	68
	65
	67
	59
	54
	61
	50
	55
	62
	62
	46
	61
	79
	63
	58
	66
	59
	70
	62
	65
	59
	57
	66
	68
	70
	66
	57
	48
	56
	54
	50
	54
	67
	67
	69
	77
	65
	57
	58
	74
	65
	64
	54
	72
	62
	70
	65
	51
	58
	44
	61
	67
	66
	60
	59
	57
	60
	62
	52
	61
	57
	60
	70
	66
	57
	74
	63
	63
	62
	76
	57
	46
	59
	59
	55
	56
	62
	54
	60
	57
	70
	57
	46
	57
	59
	48
	59
	57
	57
	70
	58
	55
	57
	45
	54
	43
	46
	53
	59
	54
	49
	48
	47
	63
	64
	70
	61
	52
	51
	58
	61
	57
	58
	69
	57
	54
	35
	56
	52
	74
	57
	50
	62
	53
	47
	44
	72
	55
	50
	46
	55
	60
	45
	57
	57
	48
	49
	61
	49
	45
	66
	60
	53
	50
	41
	51
	47
	65
	49
	51
	44
	56
	46
	41
	51
	50
	46
	48
	39
	74
	48
	40
	35
	57
	65
	44
	61
	55
	36
	45
	56
	44
	47
	44
	53
	53
	56
	45
	53
	52
	59
	49
	44
	42
	41
	48
	49
	44
	49
	44
	46
	47
	44
	55
	37
	39
	47
	42
	33
	50
	41
	57
	53
	54
	46
	42
	46
	43
	57
	41
	57
	55
	45
	45
	48
	56
	49
	54
	42
	48
	46
	51
	48
	42
	40
	41
	38
	43
	40
	47
	54
	55
	53
	49
	40
	53
	42
	38
	39
	47
	33
	45
	45
	49
	30
	41
	40
	45
	40
	45
	31
	32
	51
	41
	41
	40
	41
	33
	30
	35
	36
	42
	27
	39
	42
	43
	45
	36
	41
	45
	34
	52
	50
	35
	27
	46
	36
	39
	43
	39
	43
	34
	48
	44
	46
	43
	36
	37
	34
	42
	32
	32
	43
	36
	27
	29
	36
	35
	29
	36
	21
	23
	52
	34
	36
	29
	41
	30
	34
	34
	47
	33
	34
	36
	41
	41
	42
	35
	34
	33
	39
	28
	27
	36
	32
	25
	45
	37
	30
	37
	37
	23
	32
	37
	30
	30
	29
	20
	36
	37
	31
	38
	30
	31
	38
	36
	31
	33
	29
	32
	41
	33
	23
	29
	35
	40
	26
	40
	30
	29
	37
	35
	28
	26
	29
	35
	26
	33
	36
	36
	28
	28
	39
	22
	30
	31
	37
	33
	37
	30
	29
	18
	36
	35
	37
	35
	29
	27
	28
	30
	26
	36
	30
	30
	24
	39
	34
	22
	26
	28
	29
	28
	25
	15
	31
	25
	30
	15
	36
	32
	31
	23
	28
	32
	33
	25
	22
	29
	27
	37
	23
	26
	28
	30
	26
	33
	26
	18
	34
	21
	24
	25
	21
	21
	31
	29
	20
	27
	34
	29
	30
	37
	30
	25
	29
	24
	17
	32
	13
	22
	32
	18
	27
	40
	33
	24
	30
	26
	25
	17
	25
	26
	29
	18
	28
	29
	36
	41
	32
	25
	18
	20
	18
	37
	25
	18
	21
	25
	32
	20
	25
	25
	18
	34
	34
	22
	28
	21
	19
	22
	25
	24
	21
	27
	37
	18
	31
	23
	21
	26
	24
	14
	31
	22
	20
	32
	23
	29
	22
	23
	21
	24
	16
	27
	20
	23
	21
	17
	21
	14
	25
	20
	39
	11
	25
	17
	19
	20
	27
	21
	13
	37
	25
	24
	24
	22
	26
	17
	32
	24
	20
	21
	28
	24
	12
	16
	17
	23
	22
	21
	25
	28
	15
	26
	19
	20
	19
	25
	17
	27
	29
	24
	17
	20
	28
	25
	20
	25
	14
	23
	15
	27
	17
	22
	20
	17
	26
	18
	13
	23
	20
	13
	26
	16
	16
	14
	15
	28
	21
	24
	22
	21
	20
	11
	14
	21
	22
	16
	15
	25
	17
	20
	16
	21
	12
	13
	19
	21
	26
	23
	16
	22
	25
	20
	15
	17
	16
	22
	20
	20
	20
	20
	24
	24
	18
	19
	14
	19
	21
	23
	23
	21
	18
	23
	25
	20
	24
	20
	15
	10
	17
	21
	14
	8
	17
	20
	24
	16
	26
	14
	23
	17
	20
	26
	22
	30
	16
	14
	14
	24
	19
	29
	28
	35
	24
	24
	21
	32
	30
	29
	32
	34
	23
	31
	33
	28
	30
	31
	40
	32
	26
	32
	26
	30
	33
	36
	25
	29
	29
	29
	34
	29
	18
	34
	31
	35
	32
	33
	43
	52
	85
	108
	108
	110
	89
	76
	66
	78
	62
	44
	37
	42
	28
	30
	24
	17
	23
	19
	26
	25
	20
	19
	24
	15
	16
	21
	21
	15
	22
	24
	23
	12
	19
	16
	16
	16
	14
	22
	30
	25
	20
	21
	19
	20
	20
	24
	20
	34
	38
	46
	50
	62
	66
	69
	103
	102
	145
	150
	165
	190
	241
	261
	250
	275
	368
	530
	764
	1374
	7292
	770
	9