120
128
0
2
31
104
233
301
305
330
353
313
343
338
304
321
316
316
299
282
269
304
310
279
305
294
291
287
301
314
309
299
300
296
266
297
329
297
267
332
274
285
275
283
302
305
298
294
278
287
275
259
297
301
290
331
264
281
307
259
312
287
298
253
285
278
233
269
307
300
317
283
268
254
273
306
291
252
296
249
275
297
295
273
270
253
299
258
284
220
283
263
255
247
248
249
257
247
269
242
280
272
276
246
268
276
264
248
279
266
264
284
260
281
255
265
282
292
275
257
252
259
246
246
243
244
266
258
233
236
261
243
242
269
261
246
251
243
276
275
241
265
246
252
240
237
263
241
254
267
265
253
278
241
250
229
229
260
242
260
237
264
245
253
260
238
240
240
239
269
243
223
241
198
267
251
277
213
266
234
229
274
242
232
223
272
264
241
223
253
236
202
250
216
257
230
264
253
232
221
199
245
248
269
209
216
240
241
226
239
219
243
228
223
239
218
244
250
234
223
214
257
225
230
215
243
214
201
209
232
249
252
227
242
229
240
247
221
238
214
206
237
242
219
256
212
216
216
226
214
198
215
234
212
223
215
214
225
231
231
239
202
215
242
242
218
202
228
184
235
218
259
238
226
243
234
218
209
224
205
195
227
235
236
213
237
244
250
217
216
226
212
245
219
231
230
233
194
216
219
198
219
236
218
225
233
214
232
215
222
223
246
199
230
228
252
231
229
226
203
218
207
218
213
191
245
205
227
214
189
231
243
236
227
217
265
207
197
235
228
194
192
212
201
224
184
226
213
187
239
210
199
224
211
199
183
197
186
222
200
192
191
226
214
244
218
197
213
210
195
200
213
222
230
201
192
199
214
200
201
253
224
212
200
221
195
208
210
201
212
202
193
200
187
190
204
218
197
193
184
203
192
195
227
182
208
218
200
194
232
220
221
185
216
202
227
205
205
187
227
215
215
187
201
217
207
201
217
202
221
215
224
183
177
184
204
184
194
193
210
170
191
175
163
203
187
206
216
180
219
241
191
199
213
180
188
210
224
200
200
188
207
195
175
207
175
203
181
206
171
197
222
190
204
171
225
203
184
219
199
208
194
198
193
176
195
196
200
187
178
208
188
181
226
218
218
190
197
178
199
185
192
172
164
199
192
196
204
186
169
198
157
180
209
218
189
211
191
185
202
200
193
199
176
189
196
182
187
192
178
187
183
194
190
201
210
184
169
206
171
205
202
187
194
191
212
183
196
184
187
184
185
161
203
185
182
190
168
185
161
182
187
206
169
178
213
180
198
186
164
197
192
205
166
151
178
203
200
179
185
178
172
199
176
180
184
199
179
190
195
182
180
213
179
163
179
192
190
195
177
178
190
204
178
219
220
175
187
174
164
168
201
181
202
151
161
172
190
198
147
169
190
165
184
177
177
177
178
188
182
179
164
171
181
175
182
203
160
168
197
158
174
189
182
157
171
155
175
191
171
171
174
173
208
183
177
166
189
190
173
168
181
168
190
159
180
175
190
184
176
195
173
180
197
179
189
150
147
173
160
179
182
175
190
175
189
172
181
155
168
176
159
179
182
156
167
177
171
173
176
182
166
176
152
183
158
182
167
171
159
147
190
187
170
140
189
159
162
145
184
166
165
191
176
169
184
180
174
175
164
173
176
195
142
160
145
176
156
171
175
182
172
158
161
185
174
153
166
173
167
153
159
177
179
155
185
175
178
146
162
164
171
162
167
153
163
169
170
169
178
157
178
167
152
144
147
185
181
147
165
176
180
159
176
178
158
147
188
162
153
171
164
146
183
148
154
181
153
165
150
168
151
153
157
150
167
178
170
164
156
150
187
141
158
152
156
151
147
151
153
157
170
150
164
153
148
145
174
171
152
164
158
165
175
149
153
158
166
167
159
157
149
161
164
160
160
171
166
160
158
141
171
150
161
162
163
169
164
177
183
145
156
160
141
162
177
177
148
182
162
179
165
165
180
176
143
151
170
169
170
161
153
156
171
136
164
172
177
168
142
147
153
137
140
165
162
158
163
142
154
174
161
169
170
178
161
137
158
150
143
169
177
169
158
157
162
157
131
148
158
165
177
145
153
146
141
162
176
157
176
153
138
153
159
145
143
157
139
158
145
162
155
169
172
158
171
158
155
144
172
152
158
152
153
129
181
160
158
144
152
164
167
156
159
134
170
156
149
144
156
139
152
173
141
163
146
155
149
132
164
146
136
158
145
157
136
141
151
144
152
149
160
158
141
138
158
131
153
143
139
161
153
154
131
169
139
163
149
161
164
159
151
166
165
153
156
160
165
152
128
160
154
187
149
160
129
143
154
143
149
147
141
149
142
130
156
156
154
149
153
145
144
137
141
166
157
159
147
153
154
154
147
160
118
151
127
145
113
153
172
142
146
152
135
134
128
135
145
150
143
136
158
157
167
149
132
152
144
146
144
146
121
154
150
166
138
138
141
147
151
149
142
160
149
155
165
136
135
146
160
144
143
140
156
130
151
149
142
138
141
128
159
162
139
113
132
137
148
161
160
163
167
140
137
163
154
157
160
141
156
148
130
146
143
124
138
137
140
144
155
138
127
150
138
158
130
135
144
139
132
140
131
143
152
147
139
167
155
149
144
124
137
145
167
134
133
130
126
149
132
138
133
152
130
140
147
142
152
143
137
139
157
143
117
135
140
130
150
129
136
154
145
141
126
168
161
142
146
144
145
139
140
143
133
132
120
145
143
139
146
151
139
154
126
156
130
141
149
145
127
148
132
155
159
138
128
129
145
154
136
160
134
152
136
159
141
131
135
154
144
120
128
141
130
150
125
123
137
135
141
136
142
123
145
136
144
162
118
141
159
143
127
147
141
143
132
163
121
128
162
158
157
148
124
150
144
167
130
136
143
128
148
124
142
119
126
144
141
135
145
136
147
144
137
126
144
150
151
133
134
139
121
124
142
139
152
126
152
162
131
132
154
147
124
127
147
154
134
135
126
157
136
131
137
149
124
137
145
143
144
137
140
126
141
125
139
148
142
143
130
128
141
148
129
150
127
135
144
122
146
130
151
131
142
116
136
142
135
139
145
135
142
135
121
140
129
143
162
128
122
140
123
148
150
139
130
135
131
129
157
133
138
144
130
138
128
135
148
123
128
126
130
156
142
140
114
139
142
132
132
118
137
131
118
143
123
151
146
124
133
123
134
141
127
143
127
141
127
140
121
143
131
125
134
144
126
107
132
118
140
135
129
139
126
126
148
146
151
136
151
117
130
145
114
125
137
141
135
163
127
136
135
132
121
136
121
138
119
125
117
159
128
135
126
125
138
120
122
147
139
117
128
121
156
140
147
144
135
135
144
142
130
129
140
120
130
143
123
127
143
150
132
147
146
143
143
135
140
138
123
124
144
153
128
136
134
117
141
127
142
141
133
135
125
145
131
126
105
111
129
127
130
129
132
117
125
140
137
140
127
120
133
142
119
119
148
161
126
122
137
111
154
121
124
112
135
141
164
147
135
127
135
121
136
147
148
145
134
141
141
136
159
128
137
134
119
137
111
125
139
116
139
137
119
127
138
121
129
127
143
125
105
109
125
123
119
133
120
123
120
153
147
111
121
134
145
133
127
106
122
143
145
123
122
120
131
116
127
136
127
118
126
128
127
134
109
117
133
137
100
127
141
110
144
118
146
114
133
128
130
135
123
139
128
127
146
128
145
147
136
125
135
128
130
119
127
120
124
120
111
119
140
126
131
120
145
119
135
134
136
108
128
108
140
117
126
148
118
137
149
146
131
135
142
129
136
126
130
122
117
109
128
144
135
126
138
133
127
124
128
122
125
130
121
131
119
136
119
121
133
131
155
140
141
127
138
125
134
135
130
131
131
122
125
123
126
133
134
145
123
135
113
122
142
136
111
136
131
125
137
140
125
129
123
134
117
134
117
131
135
124
152
124
126
132
136
112
123
130
116
119
120
149
137
142
147
142
129
123
127
127
115
106
138
123
148
134
124
140
114
133
117
129
126
144
125
128
144
139
118
160
130
131
135
135
118
117
125
121
125
100
108
125
117
125
129
156
134
150
138
148
138
130
143
143
132
143
121
133
121
133
116
141
132
109
161
104
115
120
133
143
119
131
128
137
115
127
133
129
119
119
127
131
128
109
110
125
127
124
129
140
117
142
132
111
122
132
145
149
146
111
153
128
122
130
126
131
125
136
132
130
131
136
142
141
138
149
148
121
115
138
120
133
113
118
131
115
135
119
133
117
124
122
138
144
132
110
135
119
141
113
134
135
138
126
135
112
124
117
136
123
147
156
116
147
139
133
140
133
122
122
148
130
128
130
149
127
125
154
114
130
120
121
113
112
122
137
117
144
144
137
149
130
139
136
119
122
140
137
119
140
137
116
162
136
132
113
131
132
138
125
134
134
120
124
129
129
124
107
119
129
119
110
108
123
119
121
109
137
124
113
124
110
130
129
140
118
127
117
123
127
117
122
135
133
121
139
133
140
148
116
115
123
111
115
133
121
140
125
130
128
151
123
123
141
130
133
141
142
119
126
111
131
127
118
136
123
142
133
140
121
130
113
119
125
132
125
124
124
126
111
129
114
153
133
129
131
140
124
115
131
131
123
147
137
117
111
108
142
158
114
143
123
141
117
126
137
127
123
124
121
120
124
131
130
121
115
127
106
124
119
144
126
141
133
145
121
133
122
136
110
130
137
134
135
108
126
140
119
135
105
128
116
119
135
118
114
132
116
111
137
110
124
147
120
133
131
125
124
124
121
129
124
129
119
122
120
124
129
122
137
150
138
136
125
121
142
132
137
135
124
120
125
131
115
121
140
123
127
114
135
122
137
129
145
119
125
119
102
144
106
133
138
128
130
116
128
113
126
139
121
121
129
124
137
94
133
115
133
100
112
140
141
124
109
120
109
119
133
122
141
132
127
142
136
115
138
140
118
124
134
136
135
147
124
128
141
117
123
144
96
113
126
129
139
129
140
136
114
140
128
110
124
134
138
127
130
119
132
127
131
111
152
135
111
125
120
132
102
139
139
128
120
123
118
122
124
134
130
123
136
135
138
134
141
130
144
120
153
117
110
128
111
126
143
138
142
125
123
115
119
115
144
130
121
126
117
133
128
146
146
123
134
129
115
142
134
139
129
132
134
117
134
154
133
132
122
139
148
128
124
134
135
122
97
129
139
131
119
113
126
122
131
121
121
152
120
142
133
130
123
138
125
126
134
124
137
127
125
123
103
123
134
122
132
127
136
134
142
120
135
131
115
125
102
120
150
135
145
133
129
128
134
116
132
152
129
136
155
145
102
114
124
123
139
130
125
127
157
141
115
130
134
131
131
135
147
123
148
123
129
147
107
158
138
156
122
118
136
151
113
154
148
133
140
129
140
121
131
130
141
135
137
136
130
125
135
128
118
123
135
124
120
137
126
148
149
135
142
148
139
122
119
135
152
128
150
135
137
145
123
141
132
127
145
125
125
128
110
133
134
128
125
111
129
134
142
142
141
131
123
154
131
110
139
171
124
143
124
131
131
134
117
125
140
137
137
145
120
135
122
131
138
137
115
133
131
119
127
123
154
129
130
123
117
131
144
130
120
130
127
143
127
128
124
123
118
133
135
120
137
130
141
132
155
123
124
129
136
122
158
112
129
132
151
133
117
132
133
124
136
114
124
143
148
135
124
135
127
142
151
148
130
128
128
115
148
116
148
136
133
142
138
152
142
133
132
123
141
134
126
163
143
134
130
146
143
135
125
145
138
126
143
169
133
144
137
147
139
136
131
140
145
131
143
145
132
144
122
155
121
124
111
141
150
134
150
135
130
156
130
145
123
134
132
138
118
144
140
141
136
134
135
150
145
135
143
124
120
106
151
136
136
139
147
118
124
152
119
141
129
114
125
134
148
125
136
129
115
142
135
120
134
116
133
121
142
145
156
156
126
135
121
141
152
153
164
137
152
158
141
127
119
149
119
147
139
121
137
127
157
139
141
148
129
128
126
137
115
137
149
154
131
138
128
119
122
133
129
127
140
123
135
155
133
145
139
137
123
144
160
117
130
148
136
139
115
129
129
126
131
144
137
157
111
140
140
142
107
150
133
136
147
137
143
142
122
134
131
132
132
155
135
121
135
132
130
123
140
138
129
115
130
143
132
130
122
155
130
130
131
143
135
123
139
147
133
137
149
131
125
121
154
136
148
151
126
118
135
165
145
152
136
155
138
157
147
157
147
131
132
126
143
129
139
141
139
127
138
143
134
144
159
121
147
141
128
137
139
159
149
134
145
137
141
146
129
149
156
133
158
138
142
126
127
161
151
127
127
139
132
130
135
156
128
144
142
160
124
137
138
137
164
131
160
159
157
136
136
134
137
161
128
148
135
139
149
163
132
142
151
135
162
152
127
154
134
149
133
150
145
137
127
152
130
140
148
138
141
159
138
148
132
145
147
141
146
144
119
127
126
150
140
155
139
131
151
140
150
153
157
151
146
141
140
120
144
143
130
139
156
123
139
151
153
111
133
135
134
153
137
136
134
111
157
142
141
153
127
122
129
155
139
151
144
120
135
156
146
158
147
146
156
140
129
160
140
140
131
132
142
156
143
147
152
142
129
139
126
129
135
136
152
123
160
119
120
124
117
145
129
152
133
132
152
161
142
137
142
141
146
148
152
141
142
160
145
159
154
113
141
133
131
136
148
158
137
133
128
154
135
156
135
147
123
170
125
150
137
141
178
158
139
144
131
157
134
134
112
160
147
134
137
145
141
122
153
128
136
147
134
137
133
126
143
144
161
130
147
179
130
136
149
139
166
137
161
146
132
160
134
133
141
127
165
142
120
137
144
177
143
129
149
139
116
151
150
144
145
142
146
144
151
148
144
144
141
144
119
144
158
158
122
160
134
157
148
116
122
149
137
146
139
147
149
132
136
166
146
131
121
130
141
141
149
132
138
136
149
133
146
148
140
156
144
150
159
135
145
138
147
146
144
154
140
142
128
164
138
152
138
142
132
148
154
154
137
143
156
137
152
136
131
136
122
140
131
118
154
133
158
136
141
128
153
133
160
152
166
144
148
144
169
138
140
151
153
146
158
161
139
152
136
139
145
134
166
139
128
136
123
146
135
158
145
132
137
129
156
132
117
135
154
142
143
157
134
158
145
136
160
117
156
159
136
163
149
150
133
143
150
141
155
142
143
148
159
138
139
150
132
134
171
164
155
152
131
125
141
135
144
146
174
137
135
128
142
134
134
134
161
147
133
153
139
129
141
134
153
144
133
123
128
155
122
142
141
152
139
146
117
142
146
121
159
127
155
147
125
142
137
141
141
127
130
171
130
138
133
183
147
143
160
157
127
143
139
140
119
139
139
137
177
148
127
128
129
148
156
164
151
129
132
144
147
140
121
136
135
160
139
160
117
166
125
164
128
133
165
132
140
129
143
169
139
115
152
144
138
152
150
145
146
152
134
176
131
147
151
143
144
139
129
147
128
132
152
141
138
151
158
130
142
164
156
145
145
128
143
135
143
142
139
139
136
133
154
144
125
162
140
114
117
123
147
131
138
114
147
130
136
145
133
158
153
114
105
127
129
118
145
127
126
136
138
141
140
141
121
145
132
129
143
138
149
126
128
137
143
153
139
148
129
135
144
130
142
151
128
147
146
149
159
141
142
142
134
148
135
132
136
131
126
116
147
132
126
118
140
123
132
126
123
167
143
131
137
145
161
141
140
155
134
132
135
126
106
124
116
141
143
142
130
129
107
124
125
157
131
143
151
136
147
120
135
129
124
135
116
126
143
138
129
121
153
129
141
119
133
137
137
136
141
123
137
126
143
133
135
129
124
141
113
130
113
146
130
141
144
129
147
124
116
122
130
134
152
117
139
131
127
119
114
133
109
157
149
164
115
152
121
145
138
137
124
119
146
130
122
136
124
120
134
133
136
144
137
131
136
135
145
128
132
149
132
122
126
133
127
113
141
115
135
121
126
143
123
125
147
113
115
126
119
134
145
125
135
131
139
137
142
134
116
129
140
127
136
130
134
138
134
129
132
122
115
115
111
132
132
117
120
125
131
133
104
125
132
130
128
120
118
125
125
116
135
136
131
140
125
117
125
144
134
138
128
126
103
140
111
120
117
143
135
127
120
113
108
139
125
121
102
124
139
113
105
131
133
108
127
116
121
123
134
129
131
122
120
122
130
114
113
126
135
108
120
119
122
121
117
120
127
123
100
107
112
113
118
117
120
110
105
103
106
129
140
122
112
111
124
133
112
103
134
148
124
122
99
124
112
120
121
114
118
95
109
130
113
137
115
134
105
107
105
112
134
118
113
133
116
115
100
112
120
107
107
138
102
118
114
122
134
98
134
111
111
112
132
134
101
109
104
125
113
108
89
118
100
107
97
114
107
109
123
123
114
132
111
94
114
119
107
120
98
123
116
114
114
113
116
97
116
108
112
115
116
107
116
114
99
136
100
103
120
137
136
108
120
125
100
106
107
103
133
136
108
100
124
127
115
93
106
102
125
100
111
108
99
125
125
109
98
114
107
97
98
106
109
104
113
102
103
109
109
110
96
98
104
105
103
111
122
110
100
115
116
123
105
113
125
103
106
106
120
106
104
112
105
115
116
116
107
122
100
104
115
95
102
115
106
114
109
97
91
89
106
104
103
97
100
125
104
94
98
110
99
115
95
92
99
107
107
105
111
119
105
106
120
102
86
113
93
75
94
90
98
91
97
105
98
98
97
115
99
111
107
85
93
89
112
108
107
114
107
111
100
89
84
83
114
104
109
98
109
76
113
83
99
106
97
86
85
97
84
98
87
74
85
101
91
87
100
108
104
81
88
84
101
93
88
85
99
103
96
87
103
103
85
105
87
109
100
83
95
91
93
87
95
84
94
95
112
99
114
86
103
83
73
80
90
88
70
103
85
96
99
106
86
85
83
103
96
86
77
88
89
96
82
81
104
86
93
94
98
91
102
94
105
94
101
98
89
91
87
81
64
103
100
87
104
90
77
85
90
84
66
76
98
81
92
88
109
87
90
90
72
89
93
86
82
85
97
95
77
100
79
95
87
86
89
98
83
110
69
82
81
89
91
84
74
99
83
72
107
81
79
74
75
72
80
94
72
85
82
74
75
69
80
92
87
101
79
83
69
73
73
71
85
74
86
84
75
79
79
75
90
73
62
85
68
75
80
84
87
78
84
73
102
71
83
90
83
78
73
75
72
66
91
80
80
57
72
73
76
72
82
65
80
80
73
64
72
88
81
65
62
99
70
59
89
69
72
83
71
78
69
70
71
86
63
83
68
81
64
77
72
63
71
72
77
70
97
84
56
55
66
82
69
65
78
74
80
65
70
70
72
67
68
85
53
77
65
78
62
74
77
72
90
65
68
64
66
65
70
55
82
78
61
60
64
57
66
69
68
73
58
69
62
68
68
71
58
65
50
74
71
56
69
76
60
49
67
55
69
64
71
61
72
61
70
58
60
62
61
67
67
66
74
77
65
70
63
68
64
61
51
70
62
61
54
66
69
72
64
54
56
82
71
66
52
75
47
52
65
71
77
60
64
53
71
72
65
56
81
56
52
67
66
70
50
54
63
61
47
67
59
59
57
68
52
67
57
66
63
54
59
62
52
62
52
63
54
58
68
48
52
57
63
45
67
46
53
51
65
60
55
62
62
53
57
62
52
62
54
48
65
59
48
54
64
64
60
58
50
65
54
54
59
68
59
57
55
52
63
59
54
43
52
70
53
70
45
49
58
70
42
44
55
55
58
68
59
57
56
58
56
58
63
51
55
63
49
50
54
44
52
46
57
54
41
59
42
54
46
60
55
62
48
42
50
65
54
47
39
62
40
45
44
48
59
56
53
58
48
73
64
44
39
54
42
52
52
37
57
42
54
47
56
46
40
50
45
46
38
32
65
42
61
47
38
58
45
45
42
38
39
47
41
48
39
44
34
54
55
60
46
50
51
40
51
34
33
47
41
47
47
50
42
46
38
47
51
43
48
49
41
44
55
41
41
40
41
41
46
47
51
56
34
53
46
45
51
41
52
49
37
27
35
48
46
48
45
44
38
45
33
53
47
28
42
50
38
41
33
31
51
31
46
27
40
46
37
36
43
46
35
44
44
45
40
45
39
34
36
27
31
38
36
47
35
48
34
42
31
36
34
39
40
30
33
37
47
39
42
33
32
27
36
48
33
37
42
30
43
48
40
50
42
44
30
36
32
43
30
45
31
45
30
40
46
43
43
34
39
27
34
44
41
38
38
37
51
43
35
29
45
43
27
36
34
29
37
32
32
38
27
31
36
27
46
42
35
36
35
28
34
27
35
29
42
42
29
25
38
38
33
33
41
34
25
28
33
35
33
31
30
27
32
47
36
37
26
27
39
32
24
39
28
24
36
36
29
31
20
36
31
27
35
34
42
38
29
33
27
27
30
33
41
39
25
30
23
23
33
35
32
23
25
41
22
30
29
36
36
35
38
24
34
20
29
37
27
29
20
44
23
33
27
31
34
33
29
32
31
21
32
22
23
47
28
22
28
31
40
30
31
25
31
27
38
29
27
36
31
18
27
28
25
23
25
23
25
30
23
29
30
27
29
28
31
34
25
19
26
28
23
25
31
18
26
22
23
18
27
20
29
30
38
25
22
23
42
25
30
15
44
23
19
24
27
26
31
25
30
21
28
22
18
30
25
22
20
29
25
18
16
29
28
25
32
22
16
23
17
15
28
15
32
21
23
16
19
34
25
21
18
24
28
19
28
21
27
18
15
19
22
21
23
26
23
20
21
12
25
32
22
17
10
22
26
18
19
17
17
23
27
22
21
15
21
20
18
26
20
27
22
22
26
29
32
20
24
18
15
24
14
18
20
11
19
18
23
21
18
22
24
25
16
16
22
27
23
12
26
21
17
18
21
17
22
25
17
24
17
20
22
21
17
18
23
15
23
11
18
22
15
17
17
18
13
17
19
18
18
19
16
27
10
19
15
17
17
16
18
16
16
24
15
16
17
18
18
11
13
20
22
16
21
16
18
21
26
7
21
15
12
21
20
22
16
22
15
13
12
25
18
11
17
15
21
11
20
16
17
14
17
12
15
15
19
24
13
13
7
15
13
15
21
15
15
14
15
12
11
16
18
18
16
14
15
15
17
14
12
18
18
16
12
15
18
23
20
15
12
16
10
15
15
7
10
15
18
20
19
15
25
17
16
15
12
14
9
11
17
12
16
13
12
8
13
8
19
13
17
8
17
15
14
11
15
19
14
19
10
18
17
9
12
9
16
14
7
14
15
10
10
14
14
8
16
12
8
18
15
19
17
11
11
12
15
10
16
10
6
9
14
16
10
12
12
11
14
10
10
13
20
16
3
11
9
8
10
16
6
10
12
12
12
10
7
18
8
6
11
11
10
15
8
12
10
20
15
11
8
15
14
5
16
11
15
5
9
11
8
11
13
9
8
10
8
8
6
10
14
12
14
13
10
10
9
9
11
7
8
7
11
8
10
6
15
10
13
9
6
9
6
10
5
14
11
10
11
10
16
8
8
12
6
13
13
11
7
13
13
15
13
10
11
14
9
12
10
11
11
7
9
10
7
11
7
4
9
6
7
11
9
7
7
3
5
10
9
10
11
10
14
9
6
8
9
12
6
10
10
14
5
8
8
11
14
6
13
8
9
6
12
9
7
9
3
9
5
7
12
12
11
12
10
9
12
4
8
6
9
12
11
14
10
12
12
8
5
13
7
7
8
6
7
5
3
5
6
5
9
7
11
4
11
5
5
6
5
6
7
11
9
7
7
2
5
9
6
10
5
7
10
8
8
7
9
2
11
8
8
11
4
10
7
6
3
3
9
6
8
8
8
5
3
3
7
7
11
7
7
8
4
9
8
6
12
8
4
3
9
4
7
5
6
9
7
11
3
4
4
3
8
11
3
8
5
8
7
11
7
6
8
8
8
5
5
7
9
9
9
4
9
5
12
11
3
8
7
3
3
5
8
9
1
8
6
9
8
6
4
7
11
5
5
5
3
8
6
7
10
10
5
2
6
4
3
7
3
3
3
9
9
6
10
7
5
3
4
6
4
4
10
6
3
4
7
5
4
6
1
7
1
3
8
5
7
4
3
6
6
2
9
6
6
4
6
9
8
13
7
8
2
2
9
3
5
6
5
4
3
6
3
2
4
8
5
4
5
5
1
5
9
7
4
5
4
5
4
3
5
4
5
4
6
4
1
5
7
5
3
3
3
4
2
5
3
4
5
6
3
3
5
3
6
4
7
8
4
6
4
5
5
3
4
4
3
3
6
4
7
5
6
5
4
4
5
3
6
5
4
7
1
5
5
4
1
8
6
1
5
5
4
7
5
7
7
2
6
4
5
3
4
1
7
7
8
4
4
6
2
3
3
4
4
7
8
6
3
5
6
6
7
8
1
4
5
5
3
5
5
2
2
6
6
5
6
5
5
2
2
3
5
5
4
4
5
4
2
3
3
5
3
1
4
3
4
2
3
5
1
4
3
2
2
4
3
10
5
4
4
5
4
5
5
2
5
6
6
0
4
3
4
6
4
4
6
4
3
3
4
2
6
1
0
3
2
6
4
4
4
4
6
3
4
0
2
4
6
4
3
3
2
3
7
1
3
4
7
1
2
6
6
2
3
4
4
1
1
0
5
1
3
5
5
3
4
2
3
0
7
0
4
5
2
3
1
3
0
1
1
2
7
3
6
2
4
7
2
4
3
5
3
1
1
2
5
3
4
2
5
5
2
2
2
2
5
3
4
1
1
6
5
4
1
3
2
1
1
2
6
4
2
2
5
5
4
2
2
2
1
2
1
1
3
5
2
4
3
1
2
0
4
5
5
1
2
1
4
1
0
3
2
2
1
2
3
2
2
3
1
2
1
2
5
3
1
1
4
2
3
2
4
4
1
1
1
2
3
2
2
3
4
2
2
2
1
0
5
1
2
2
2
6
1
5
0
2
3
6
2
3
2
2
4
4
3
1
0
3
3
1
3
0
2
1
1
0
5
2
2
4
4
0
5
3
1
1
1
1
1
3
1
3
1
2
3
1
3
2
2
3
6
2
2
0
3
4
2
3
1
1
2
3
1
3
1
1
3
5
2
4
4
2
2
3
3
0
1
2
1
3
3
3
3
0
3
4
3
2
1
3
2
3
5
0
2
4
1
2
1
3
0
3
2
2
2
2
3
1
2
4
2
5
5
2
0
3
0
1
3
1
1
3
0
2
2
1
4
2
2
1
2
2
2
4
0
3
1
7
1
1
2
3
3
2
3
1
0
2
1
2
2
2
0
1
1
2
5
3
1
2
0
1
2
3
3
2
2
1
2
0
1
0
3
1
3
1
4
1
3
3
0
3
1
3
1
2
1
0
0
0
2
1
2
3
1
3
1
1
0
3
2
2
1
2
3
4
2
0
3
3
1
0
1
4
2
1
2
1
1
2
0
1
3
3
1
6
2
1
4
1
0
3
1
2
1
2
2
1
2
0
2
1
1
2
1
2
0
0
0
2
0
2
4
1
0
4
2
2
2
2
0
3
0
2
1
1
1
0
2
2
2
1
1
1
2
1
1
2
0
2
2
1
2
3
1
2
3
1
2
1
0
1
2
0
2
1
2
1
1
2
0
2
0
2
1
3
1
0
2
1
2
1
1
1
1
1
1
1
1
1
2
2
2
1
1
2
0
1
1
0
4
0
3
0
4
0
0
3
1
2
3
2
0
0
1
2
0
3
3
0
2
0
1
0
1
3
2
1
0
2
1
0
2
1
0
1
3
0
1
2
3
0
0
0
1
2
2
1
3
0
2
2
4
1
1
0
2
0
0
1
3
4
4
2
4
2
0
2
4
1
1
0
1
1
1
1
2
0
1
1
1
0
1
3
0
3
1
0
0
1
0
1
2
0
2
3
2
2
1
0
1
1
0
1
0
3
0
2
2
2
1
0
1
0
0
0
1
0
0
0
1
2
0
1
3
1
2
0
3
0
1
3
2
2
0
0
2
3
3
3
1
1
4
0
3
2
3
1
1
1
1
0
0
2
0
0
2
1
0
1
0
0
1
4
2
0
1
1
0
1
0
1
2
1
2
0
3
1
2
1
0
1
1
2
2
3
1
1
0
3
2
0
3
0
1
0
3
1
0
0
3
2
1
2
2
0
1
1
0
5
5
0
1
3
4
0
1
2
1
1
1
2
0
0
1
1
2
1
1
1
1
1
2
1
2
3
0
1
0
0
0
3
1
1
1
0
1
1
3
0
1
0
2
1
2
0
2
1
0
3
1
1
1
0
3
1
0
1
0
1
1
1
2
2
2
3
0
2
1
1
2
2
1
1
2
1
2
1
0
2
1
0
0
0
0
4
0
1
2
1
2
0
2
2
1
1
3
1
0
2
0
1
1
1
1
0
1
0
1
2
1
2
0
1
0
0
0
0
1
2
0
1
0
1
1
1
2
0
0
3
0
3
2
2
1
3
2
1
1
1
0
0
1
0
2
0
1
1
1
1
2
2
0
2
1
0
0
2
1
1
3
0
1
0
2
0
0
3
1
1
1
1
2
1
4
2
2
0
0
0
1
1
1
2
1
2
0
1
1
0
1
0
0
3
1
4
1
0
2
1
0
3
1
1
0
1
2
2
1
1
1
1
0
0
0
2
2
1
1
3
1
1
0
0
1
3
0
1
0
0
1
0
1
0
0
0
0
0
3
0
0
2
2
4
0
0
0
0
0
5
2
2
2
1
3
0
1
2
0
1
0
3
1
2
0
0
0
1
4
0
1
1
2
1
0
2
1
1
0
1
0
0
1
0
0
1
1
1
0
0
0
0
1
2
1
0
2
1
3
0
0
1
1
0
1
2
3
1
1
2
2
0
2
0
2
1
0
1
0
0
0
0
0
2
2
0
1
1
1
0
1
3
0
2
0
0
0
2
0
2
0
2
1
1
1
0
0
1
0
0
2
1
1
1
2
0
0
2
1
0
0
1
3
2
1
2
0
1
2
2
0
2
0
2
0
2
1
0
0
4
1
2
1
0
2
0
0
1
0
0
0
1
0
2
2
0
0
0
2
2
1
2
1
2
0
0
0
2
1
3
0
0
1
0
0
1
0
1
1
0
1
0
1
1
0
1
0
1
1
2
0
1
1
1
0
1
0
0
0
0
0
1
1
1
0
0
0
1
1
1
1
0
0
0
2
0
0
0
1
0
1
1
1
0
0
0
0
1
1
1
0
1
3
0
1
0
0
1
0
2
0
0
2
3
1
1
1
2
0
1
0
1
0
1
0
1
2
3
0
0
1
1
2
1
0
1
1
1
2
0
0
2
1
0
2
2
0
0
0
0
0
0
0
3
0
0
0
0
2
0
0
1
0
1
1
0
0
1
3
0
0
1
0
0
0
1
0
0
0
1
3
1
2
0
1
0
1
0
0
0
0
2
1
0
0
1
0
0
1
1
0
1
1
0
2
0
0
0
1
0
0
0
0
2
1
0
0
3
1
1
0
0
0
1
0
0
2
0
0
0
1
1
0
0
0
0
2
0
0
0
0
1
0
0
0
0
0
1
0
1
1
0
0
1
3
1
0
0
1
1
0
0
1
1
1
2
0
0
1
1
2
1
0
0
1
0
0
3
1
0
1
1
0
1
0
2
1
0
1
0
1
1
0
1
1
2
3
0
0
2
2
1
0
1
1
1
1
2
1
1
0
2
1
0
0
0
1
0
3
0
1
1
1
0
1
3
0
0
0
1
0
0
0
1
1
1
0
0
0
1
0
0
1
1
1
1
1
2
1
0
1
0
1
0
0
2
1
0
1
0
1
0
0
1
0
0
0
1
1
0
1
0
0
0
1
0
0
0
0
2
1
0
0
1
1
1
2
0
1
1
0
2
1
0
0
1
1
2
1
0
0
1
0
0
1
0
0
3
1
1
2
0
1
1
1
1
1
0
0
0
0
0
4
0
0
1
1
1
2
1
0
1
1
1
0
0
3
0
1
0
0
1
1
0
1
1
0
0
0
0
0
0
1
1
0
0
0
0
0
0
0
1
1
0
0
1
2
0
0
1
0
0
1
0
1
3
0
1
0
1
0
0
1
2
0
0
0
0
0
0
1
0
0
0
0
1
0
1
1
0
0
0
0
0
2
0
2
2
0
0
0
0
0
1
1
0
1
1
2
0
0
1
2
0
0
2
0
0
1
1
1
0
0
0
0
2
1
0
2
0
0
0
1
0
0
0
0
0
1
1
0
0
0
0
1
1
0
1
0
0
0
0
0
0
0
0
1
0
3
1
0
2
0
0
0
0
0
0
1
1
0
0
0
1
0
1
0
1
0
0
0
1
0
0
0
0
2
0
0
0
2
2
0
1
0
0
0
0
1
1
1
0
0
1
1
1
0
0
0
0
0
0
0
0
1
0
1
1
0
0
1
0
0
0
0
0
0
1
0
2
1
1
2
0
0
1
0
0
1
1
1
1
0
1
0
0
0
0
2
0
0
1
0
0
0
2
0
0
0
0
1
2
0
0
1
2
2
1
0
0
0
0
0
1
0
0
0
0
0
0
0
0
1
0
0
1
0
0
0
0
0
2
0
0
1
2
0
0
0
0
1
0
0
0
0
0
2
1
1
1
3
0
0
0
1
0
0
0
0
0
0
1
0
1
0
0
0
0
0
0
0
1
0
1
1
0
0
0
1
1
1
2
0
0
1
0
3
0
0
0
1
0
1
1
0
1
0
2
3
1
0
0
1
0
0
0
0
0
1
1
1
0
1
0
0
0
1
1
1
0
1
0
0
0
0
0
1
0
1
2
0
0
1
0
0
0
0
0
0
0
0
2
2
0
0
0
0
0
0
0
1
1
2
0
0
0
0
0
1
0
0
1
0
0
0
0
0
0
0
1
0
1
1
2
0
0
0
0
0
1
1
0
0
1
0
0
0
0
0
1
0
2
0
1
0
1
0
0
0
0
0
2
0
0
1
0
0
0
0
1
0
1
1
0
0
2
0
0
0
0
0
1
1
2
0
0
0
0
1
0
0
0
1
1
0
0
0
0
0
0
2
0
0
1
0
0
0
0
1
0
0
0
2
0
0
0
0
0
0
2
1
0
1
2
0
0
2
2
1
1
1
1
0
1
0
0
2
0
0
0
2
0
2
0
0
1
1
0
0
0
0
0
0
0
1
1
0
0
0
1
0
2
1
0
0
0
1
1
0
0
0
1
0
0
1
0
0
1
0
1
0
0
0
0
0
0
0
1
0
0
2
0
0
1
0
1
0
0
0
1
0
0
2
0
3
0
1
0
0
0
0
1
0
0
0
0
0
0
0
0
1
0
1
0
1
0
1
1
1
0
0
1
1
0
1
0
1
1
0
0
0
0
0
0
0
0
0
0
1
0
0
0
2
1
0
1
0
1
0
1
0
2
1
0
0
0
1
0
1
0
0
0
0
1
0
0
1
0
0
0
0
0
0
2
0
1
0
0
0
0
2
1
1
1
0
0
0
2
0
1
0
1
2
0
0
3
1
0
1
0
0
0
0
0
0
0
0
0
1
0
0
1
0
0
0
0
0
0
0
0
0
1
0
1
0
0
0
0
1
0
0
1
0
0
1
0
0
0
1
1
0
0
0
0
0
0
0
0
0
0
0
0
0
1
0
0
0
0
0
1
0
0
0
0
0
0
0
0
0
0
0
1
0
1
0
0
0
0
0
1
0
1
0
0
0
0
0
0
0
0
0
0
1
1
0
0
1
0
1
0
0
0
0
0
0
0
0
0
0
0
0
0
1
0
0
0
0
2
1
0
0
0
0
0
1
0
0
0
0
0
0
0
1
0
3
1
1
0
0
0
0
1
1
1
0
2
0
0
0
0
2
0
1
0
0
0
0
0
1
0
0
0
0
0
1
0
0
0
0
0
0
1
0
0
0
0
0
0
0
0
1
0
0
0
0
0
1
1
1
0
0
1
0
0
0
1
0
0
0
0
0
0
0
0
0
1
1
0
0
0
0
0
1
0
0
0
0
0
1
1
0
0
0
1
0
0
0
0
1
0
0
0
1
0
0
0
1
0
0
0
0
0
0
0
0
0
0
0
0
0
0
0
0
0
1
1
1
0
0
0
0
0
1
1
0
0
2
0
0
0
0
1
0
0
0
1
0
0
0
0
1
0
0
1
0
0
0
0
1
1
0
0
0
2
0
0
0
0
0
1
0
0
0
0
0
0
0
0
0
0
1
0
0
0
0
0
0
0
0
0
0
0
1
0
2
0
0
0
0
0
1
0
0
0
0
0
0
0
0
0
0
0
0
0
0
0
0
0
0
0
1
0
0
0
0
0
0
0
0
0
0
0
1
0
0
1
0
0
0
0
1
0
0
0
0
1
0
0
0
0
0
1
0
0
0
0
0
0
0
0
0
0
0
0
0
0
1
0
0
0
0
0
0
0
0
0
0
0
0
0
0
0
0
0
0
0
0
0
