
	878
	879
	875
	877
	877
	876
	874
	877
	877
	874
	873
	874
	872
	872
	872
	870
	869
	861
	870
	866
	869
	856
	866
	863
	860
	858
	861
	851
	858
	851
	859
	844
	856
	846
	850
	844
	843
	844
	842
	838
	834
	834
	837
	836
	832
	825
	825
	826
	825
	820
	823
	814
	817
	813
	808
	811
	806
	803
	804
	806
	792
	799
	788
	794
	793
	784
	783
	780
	776
	775
	776
	773
	765
	769
	764
	755
	762
	753
	749
	750
	750
	743
	738
	740
	730
	735
	727
	726
	718
	724
	716
	710
	709
	707
	703
	697
	703
	691
	688
	688
	684
	680
	676
	670
	675
	664
	661
	660
	654
	651
	647
	642
	644
	635
	632
	631
	623
	621
	620
	614
	610
	608
	598
	596
	599
	590
	585
	583
	577
	571
	573
	565
	558
	559
	555
	547
	544
	539
	537
	533
	526
	522
	522
	515
	506
	508
	501
	493
	491
	490
	484
	479
	471
	470
	462
	462
	460
	450
	449
	437
	437
	432
	426
	423
	418
	412
	410
	405
	399
	396
	383
	388
	378
	373
	372
	367
	352
	360
	348
	347
	339
	334
	333
	323
	319
	313
	309
	305
	297
	296
	290
	286
	278
	276
	265
	263
	258
	251
	250
	241
	238
	231
	229
	223
	216
	207
	211
	202
	190
	191
	185
	179
	179
	164
	165
	158
	155
	148
	140
	138
	132
	126
	119
	116
	110
	106
	98
	94
	89
	83
	79
	72
	69
	64
	55
	54
	47
	44
	35
	35
	28
	24
	17
	16
	12
	12
	22
	19
	27
	29
	35
	41
	46
	50
	55
	62
	66
	69
	79
	77
	87
	87
	97
	103
	109
	106
	124
	118
	129
	131
	139
	144
	147
	156
	160
	168
	166
	177
	182
	185
	191
	196
	202
	218
	214
	219
	224
	229
	236
	231
	247
	250
	252
	259
	267
	272
	275
	278
	285
	290
	297
	300
	305
	310
	315
	321
	326
	335
	331
	344
	340
	354
	360
	356
	367
	372
	375
	383
	378
	395
	392
	401
	406
	407
	414
	419
	425
	427
	430
	441
	440
	449
	452
	458
	460
	466
	468
	473
	482
	481
	489
	495
	493
	504
	504
	512
	516
	519
	523
	530
	531
	535
	542
	543
	551
	553
	558
	556
	573
	570
	571
	581
	581
	583
	590
	595
	601
	599
	613
	607
	609
	626
	612
	632
	631
	625
	640
	642
	642
	648
	647
	663
	658
	656
	671
	663
	676
	679
	677
	681
	685
	690
	694
	697
	702
	699
	709
	713
	706
	721
	716
	718
	726
	731
	731
	735
	736
	739
	742
	742
	752
	752
	750
	760
	756
	767
	762
	767
	773
	770
	776
	778
	780
	782
	786
	788
	787
	789
	801
	791
	800
	805
	799
	810
	807
	812
	804
	820
	814
	821
	818
	817
	826
	828
	826
	827
	830
	840
	832
	837
	839
	834
	845
	843
	842
	845
	850
	845
	851
	851
	851
	857
	851
	859
	858
	856
	862
	859
	862
	865
	864
	864
	866
	863
	869
	868
	870
	871
	872
	870
	873
	874
	875
	874
	874
	874
	874
	875
	875
	877
	877
	879
	878
	877
	882
	879
	880
	873
	877
	879
	884
	875
	875
	884
	880
	877
	874
	881
	875
	879
	874
	876
	880
	874
	877
	876
	874
	874
	875
	871
	874
	870
	869
	873
	870
	867
	872
	865
	867
	861
	865
	865
	866
	852
	864
	860
	857
	857
	859
	846
	860
	843
	857
	845
	850
	844
	840
	850
	839
	835
	839
	843
	832
	830
	832
	830
	831
	826
	825
	820
	822
	814
	816
	815
	815
	808
	810
	803
	808
	796
	803
	800
	788
	799
	790
	788
	785
	784
	777
	781
	772
	777
	765
	772
	764
	765
	753
	761
	754
	752
	748
	744
	747
	739
	739
	735
	730
	726
	729
	722
	717
	718
	715
	709
	704
	705
	703
	695
	692
	691
	686
	685
	682
	674
	674
	673
	661
	669
	657
	650
	655
	651
	646
	641
	636
	629
	637
	627
	619
	621
	613
	608
	609
	602
	603
	594
	591
	584
	588
	578
	577
	565
	577
	558
	557
	554
	549
	551
	541
	535
	536
	529
	522
	521
	521
	512
	507
	503
	495
	491
	492
	485
	478
	475
	474
	468
	462
	456
	451
	449
	446
	438
	432
	431
	426
	420
	418
	410
	400
	404
	396
	390
	392
	380
	375
	368
	369
	364
	360
	351
	349
	341
	335
	338
	322
	322
	319
	313
	309
	300
	297
	293
	286
	279
	275
	274
	268
	265
	252
	255
	242
	238
	242
	228
	223
	222
	211
	208
	207
	199
	190
	194
	180
	176
	178
	162
	164
	157
	150
	143
	144
	133
	131
	127
	117
	114
	109
	99
	104
	89
	85
	83
	80
	68
	67
	58
	54
	50
	43
	41
	35
	29
	24
	22
	19
	14
	9
	14
	14
	17
	26
	27
	33
	39
	45
	46
	54
	55
	71
	65
	76
	76
	86
	94
	93
	104
	106
	113
	119
	123
	126
	137
	140
	141
	150
	157
	160
	168
	169
	178
	180
	189
	190
	196
	209
	200
	218
	219
	222
	228
	233
	240
	247
	248
	253
	262
	268
	270
	273
	278
	290
	286
	288
	297
	293
	308
	307
	315
	320
	327
	327
	332
	342
	343
	346
	358
	358
	361
	367
	371
	378
	377
	391
	392
	394
	399
	405
	413
	410
	423
	423
	428
	433
	437
	445
	447
	450
	456
	459
	462
	473
	469
	481
	481
	485
	491
	494
	499
	507
	506
	511
	518
	520
	524
	529
	532
	538
	545
	541
	555
	549
	557
	563
	566
	568
	574
	579
	581
	585
	595
	589
	591
	602
	610
	599
	616
	620
	614
	623
	625
	631
	633
	638
	642
	646
	641
	662
	644
	664
	662
	658
	669
	674
	672
	677
	683
	687
	685
	689
	697
	697
	698
	701
	712
	708
	711
	708
	719
	723
	726
	726
	732
	728
	731
	741
	740
	744
	745
	751
	749
	749
	755
	764
	762
	761
	764
	770
	767
	769
	780
	776
	781
	782
	782
	788
	787
	790
	792
	798
	793
	799
	800
	803
	806
	806
	806
	813
	809
	814
	813
	815
	819
	817
	823
	825
	822
	824
	832
	823
	833
	830
	835
	832
	836
	834
	840
	838
	841
	843
	842
	845
	840
	848
	845
	847
	849
	851
	850
	852
	848
	854
	847
	857
	852
	857
	853
	857
	858
	858
	858
	856
	857
	861
	857
	863
	855
	859
	861
	858
	863
	860
	860
	858
	861
	861
	858
	856
	862
	862
	858
	863
	861
	855
	860