30
30
0
0
0
0
0
0
0
0
0
3
11
37
52
53
53
70
87
88
78
90
103
72
82
91
86
97
100
93
78
85
86
111
77
88
93
96
99
83
103
76
88
80
79
77
75
91
75
83
85
96
85
88
75
92
85
92
97
86
84
75
84
79
86
101
103
85
97
63
101
106
84
85
86
99
86
81
90
92
80
104
81
80
77
93
78
93
92
101
84
87
65
70
89
78
70
92
70
81
89
79
92
89
92
81
106
88
80
84
82
94
74
91
85
86
95
87
82
90
93
94
91
97
90
90
80
94
93
108
90
90
99
116
95
89
91
90
74
88
88
102
88
80
82
81
73
87
91
80
95
83
94
88
100
103
79
86
91
79
94
74
81
88
85
89
66
82
75
88
85
68
96
99
82
69
73
75
104
82
69
70
90
80
78
79
106
83
74
93
78
68
76
100
81
81
60
66
76
88
89
76
84
80
77
92
87
69
63
98
90
74
67
92
93
66
78
68
77
83
77
78
75
79
79
86
71
70
57
75
81
86
85
81
70
69
83
84
71
67
61
70
74
75
76
85
60
51
65
77
74
59
70
80
86
66
72
59
79
63
81
74
79
84
60
85
77
62
84
69
60
61
75
89
76
80
83
70
77
72
78
75
75
72
69
69
61
57
80
63
71
82
68
72
73
74
72
67
74
64
54
74
69
66
60
61
78
67
57
62
58
68
59
75
65
77
54
61
58
61
68
59
75
58
53
53
77
63
64
55
63
62
62
68
74
69
60
66
55
61
55
75
61
65
57
66
68
50
52
72
61
45
77
67
45
55
64
59
56
66
45
68
71
77
61
69
71
80
66
57
75
64
71
70
58
54
70
73
59
51
67
48
66
55
59
65
45
50
59
69
64
60
54
58
58
52
63
50
59
57
55
61
56
59
66
48
60
53
55
63
58
58
55
46
64
52
71
56
45
51
67
59
50
79
53
67
52
70
75
62
74
55
71
58
63
52
61
63
66
59
63
64
59
54
68
70
59
73
53
65
68
60
62
63
73
58
49
58
65
72
56
50
59
57
56
53
62
62
53
70
64
79
59
62
63
65
61
63
87
71
74
57
71
46
56
80
69
55
74
70
71
66
74
80
56
66
62
59
70
75
44
67
65
65
62
64
67
50
73
76
73
57
66
64
74
55
61
83
64
60
86
65
61
75
60
70
76
69
47
60
66
71
72
63
67
78
56
64
59
62
86
79
62
74
75
65
81
88
71
61
81
78
66
64
82
83
83
71
57
76
77
76
78
65
70
68
56
85
78
56
75
76
71
70
80
80
88
69
83
78
64
78
80
79
71
81
61
69
70
68
79
68
80
87
76
68
71
63
66
66
66
58
68
93
71
105
83
70
73
87
83
86
63
88
81
68
111
79
71
77
70
52
67
60
59
71
95
78
79
75
72
87
64
63
84
82
85
64
69
74
76
69
71
71
73
76
62
76
82
65
94
72
78
71
66
73
61
84
65
79
73
66
64
68
79
71
74
57
47
61
72
57
60
68
68
62
84
75
73
75
70
76
66
51
70
69
53
73
60
70
62
73
67
54
71
74
71
67
71
43
70
66
65
69
62
50
52
47
54
75
72
84
58
52
53
58
60
44
50
65
49
47
44
65
52
57
65
38
42
55
57
64
67
52
63
49
59
53
59
45
44
57
56
52
52
49
52
50
53
48
46
53
41
43
57
63
44
44
56
33
48
50
51
53
50
47
58
48
49
51
43
48
41
42
45
52
37
46
49
37
43
34
41
40
45
47
47
34
33
37
50
28
45
35
30
34
45
45
24
36
34
37
33
32
34
41
32
32
29
29
37
28
41
28
29
28
27
20
32
18
35
32
28
26
30
27
25
33
27
28
23
26
32
29
20
19
26
29
22
18
29
31
31
22
23
35
25
12
25
34
18
24
24
27
35
17
23
20
20
27
18
13
28
23
15
23
23
23
23
18
25
20
30
14
16
21
18
22
24
23
20
17
16
19
20
20
16
17
16
15
18
15
15
20
16
18
14
16
20
12
16
12
10
14
18
19
20
11
19
13
19
13
9
10
15
9
9
12
10
12
10
13
7
13
10
15
17
9
15
11
12
13
11
7
7
13
5
13
15
14
10
5
16
11
5
13
6
10
9
6
11
9
11
5
8
12
8
9
7
9
4
9
8
7
9
7
7
4
8
10
8
10
2
13
7
9
4
7
9
8
7
8
6
13
4
8
6
6
4
11
8
7
7
5
1
4
2
7
5
6
6
6
3
4
8
2
4
5
8
4
1
4
5
4
10
6
3
4
8
7
8
3
6
6
5
2
5
7
6
8
2
3
7
3
9
8
6
5
4
5
3
1
7
4
6
5
2
3
6
6
4
4
3
7
2
3
4
1
9
5
2
8
4
7
2
5
1
3
4
2
3
5
3
4
5
2
4
3
2
1
2
4
6
4
2
9
3
3
3
4
4
5
4
6
5
4
2
2
2
3
10
3
2
2
5
7
4
7
1
3
3
3
3
3
3
5
9
4
3
4
4
2
6
7
2
5
4
3
4
4
4
0
0
7
6
7
8
6
4
5
1
6
6
7
2
2
5
1
6
3
3
1
3
2
4
6
10
3
3
4
6
7
2
5
2
1
6
2
6
4
5
0
2
4
4
4
3
0
6
2
5
7
6
4
6
6
3
4
6
4
2
2
6
6
5
7
4
7
7
4
7
5
3
5
3
3
3
7
6
1
11
2
3
5
3
6
5
5
2
7
5
4
3
2
6
4
2
2
5
8
7
7
6
4
9
3
4
3
3
7
8
3
3
6
4
7
5
4
13
7
6
5
4
6
7
6
8
1
7
3
9
11
6
5
5
13
6
7
7
7
5
15
6
3
9
5
4
5
7
4
3
4
5
10
8
10
6
7
9
6
8
4
8
9
7
6
8
5
15
10
9
11
12
7
13
8
7
4
4
3
11
4
10
14
11
10
7
14
10
12
8
12
7
9
10
13
12
16
8
15
11
16
9
15
7
8
14
13
14
9
9
5
13
7
12
14
16
8
16
10
11
13
12
14
16
21
8
14
17
16
14
9
13
13
11
16
18
10
21
24
18
13
15
19
17
16
24
13
21
19
19
18
26
17
20
18
18
26
24
21
23
15
18
14
21
21
21
18
21
24
27
25
19
28
23
30
26
29
30
25
26
30
19
26
25
35
28
42
30
34
36
34
36
20
40
33
27
38
32
36
43
40
31
33
38
33
34
33
40
37
44
34
38
39
51
34
48
44
41
56
38
40
44
41
40
46
43
43
51
60
53
70
55
42
65
52
59
52
56
63
69
67
47
58
57
73
65
71
82
70
68
48
55
64
59
73
81
81
71
75
83
66
86
83
95
100
81
87
76
73
73
69
84
105
93
107
86
79
98
88
89
87
95
118
85
115
107
100
93
92
111
127
111
104
114
115
88
120
106
118
95
125
103
97
88
101
145
117
116
120
115
119
115
129
108
114
133
98
112
138
144
141
117
118
110
140
135
132
119
138
130
123
133
136
139
121
156
141
131
126
112
127
135
126
131
136
135
123
128
122
137
154
140
143
118
136
126
141
135
140
113
115
129
130
139
110
138
124
139
114
110
120
133
130
115
156
122
128
136
130
131
132
128
151
126
141
120
119
125
112
134
113
112
133
116
121
106
118
126
105
110
105
109
120
89
115
115
126
102
96
96
113
119
108
108
87
96
104
103
101
96
97
93
106
94
84
93
98
101
93
87
71
103
88
98
94
90
87
105
76
92
90
78
89
75
83
90
84
77
66
79
74
62
92
70
77
63
66
69
62
68
51
70
61
61
63
60
52
60
47
62
55
47
49
51
44
33
42
53
62
50
45
47
47
29
45
26
35
40
45
35
39
43
33
33
39
36
30
37
32
23
34
21
34
26
24
30
28
18
20
16
24
26
22
11
15
19
16
24
18
12
17
13
21
18
9
14
13
6
17
11
12
10
10
8
7
9
6
4
4
2
6
8
1
3
5
6
4
7
3
6
2
7
8
0
1
2
3
1
7
3
1
1
7
2
2
4
1
1
3
2
4
1
4
2
4
1
1
4
2
2
2
2
1
0
0
0
1
0
1
2
0
0
2
0
1
0
3
0
0
3
0
0
0
0
0
1
0
2
0
1
0
0
0
0
1
0
1
0
1
0
0
0
2
1
0
0
0
0
2
0
0
1
1
1
1
0
0
1
0
0
0
0
0
0
1
0
1
0
0
1
1
0
1
1
1
1
0
0
0
0
1
0
0
1
0
1
0
0
0
0
0
0
1
0
1
0
0
0
0
0
1
2
0
0
0
1
0
1
0
0
1
0
0
0
1
1
0
0
1
0
1
0
0
0
0
0
0
0
0
0
1
1
0
0
0
0
0
0
0
0
0
1
0
0
1
0
0
1
0
0
0
0
0
0
0
0
0
0
0
0
0
0
0
0
0
1
0
0
0
0
0
1
0
0
0
0
0
0
0
0
1
0
0
0
0
0
0
2
0
1
0
0
0
0
0
0
0
0
0
0
0
0
0
0
0
0
0
0
0
0
0
0
0
0
0
0
0
0
0
0
0
0
1
0
0
1
1
0
0
0
0
0
0
0
0
0
0
