
	0
	0
	0
	0
	0
	61911
	58266
	49170
	44173
	40593
	38170
	36943
	36804
	37289
	38099
	38385
	39259
	40899
	42361
	44190
	46373
	49438
	53806
	59077
	64515
	72690
	83011
	94712
	110302
	129334
	152548
	179019
	208342
	245241
	282966
	322270
	359652
	394721
	429659
	459601
	471613
	490687
	505631
	512272
	514934
	514592
	504203
	487266
	463121
	441589
	412154
	380667
	347541
	313332
	281083
	251077
	216504
	185310
	159975
	137261
	118319
	101668
	87121
	75143
	63867
	55500
	48292
	42863
	37618
	33720
	30544
	27906
	25550
	23849
	22882
	21952
	21303
	20747
	20853
	20840
	20926
	21032
	20740
	20996
	20699
	21084
	21511
	21930
	22111
	22240
	22267
	22282
	22492
	22594
	22884
	23282
	24595
	25481
	24661
	23913
	24190
	24666
	25259
	25565
	25393
	25405
	25670
	25514
	25946
	26101
	26669
	26705
	27194
	27481
	27712
	27600
	28171
	28421
	28928
	29958
	30442
	30767
	30861
	31008
	31122
	32021
	32391
	32881
	33383
	34252
	35027
	35412
	35878
	36845
	38393
	39400
	40735
	41586
	42344
	43687
	45311
	47489
	48898
	51869
	54142
	56982
	59927
	62939
	66920
	71731
	77322
	84012
	90875
	96606
	103650
	111242
	120256
	130265
	140699
	155483
	181761
	195405
	197811
	208712
	224586
	241556
	261020
	285470
	301946
	318824
	334873
	352176
	369451
	388178
	407743
	425564
	445097
	465113
	476785
	492146
	504337
	515343
	528826
	548516
	555840
	560634
	562516
	565603
	566614
	568983
	561517
	543591
	543702
	555157
	555709
	548095
	541538
	536217
	528409
	528129
	514046
	499456
	487351
	473038
	460357
	447060
	437853
	424887
	412175
	398051
	381949
	368238
	353799
	340753
	329654
	321890
	306738
	292739
	279798
	267074
	254425
	244761
	232889
	222949
	224665
	221798
	197458
	183419
	172439
	165042
	158212
	152096
	143474
	135903
	129092
	122593
	116455
	110325
	105756
	101016
	95502
	92048
	86879
	82754
	79015
	74516
	71761
	68884
	65512
	61511
	58696
	55828
	53288
	50730
	48262
	46684
	44430
	42336
	40379
	38820
	37039
	35909
	34325
	34006
	32087
	30856
	29686
	28597
	27805
	26973
	26685
	25762
	25377
	24247
	23763
	23233
	22766
	22434
	21876
	22214
	21879
	21555
	20943
	20973
	20631
	20384
	20160
	20509
	22580
	22038
	20415
	20373
	20061
	20402
	20181
	20794
	20331
	20518
	20578
	20484
	20442
	20686
	20668
	20776
	21021
	21299
	21302
	21147
	21550
	21826
	21813
	22406
	22193
	22243
	22344
	22151
	22552
	22811
	22929
	23073
	23419
	23456
	23544
	23956
	23974
	24267
	24524
	25563
	25159
	25003
	25131
	25199
	25256
	25812
	26145
	26646
	26670
	27003
	27366
	27531
	28113
	28291
	28734
	29867
	29524
	29984
	30551
	30849
	31262
	32205
	32658
	33192
	36778
	37585
	36981
	36603
	37637
	38036
	39522
	41664
	42340
	43090
	43975
	44999
	46515
	48134
	50377
	52122
	53567
	56355
	57184
	60539
	62310
	64994
	67643
	71472
	73190
	77157
	79634
	81965
	85752
	89754
	93029
	96290
	103760
	122398
	125352
	121174
	120235
	123426
	129126
	134597
	137774
	142015
	145325
	150146
	153253
	158279
	164063
	167614
	170115
	173736
	177846
	180630
	184515
	186383
	191918
	196379
	198027
	198571
	200735
	202807
	204947
	208266
	208826
	214271
	232296
	224942
	218455
	214592
	213454
	214051
	216752
	217303
	215657
	214487
	213820
	211393
	211948
	210537
	209558
	207935
	208335
	205808
	201917
	201757
	199026
	197591
	197087
	196444
	193912
	190036
	187379
	185110
	182919
	179496
	174106
	170551
	169947
	168235
	166661
	164952
	162788
	159868
	159413
	157353
	153519
	149711
	146874
	143618
	139965
	137285
	136002
	132738
	129220
	126162
	122239
	118971
	115975
	112895
	110812
	108466
	104612
	101762
	98255
	94561
	92867
	89387
	86694
	85786
	87267
	83214
	78742
	74570
	71375
	69053
	67604
	65181
	62844
	60112
	58127
	55942
	54084
	52212
	50277
	48518
	47011
	45589
	43541
	41531
	40227
	39430
	38313
	36923
	35512
	34557
	33402
	32288
	31184
	30222
	29517
	28702
	27974
	27501
	26198
	25936
	25122
	24599
	24483
	23956
	23497
	22930
	22505
	22286
	21735
	21664
	21573
	21162
	20979
	20701
	20648
	20419
	20399
	20399
	20238
	20326
	20286
	20099
	20116
	20023
	20126
	20444
	20729
	21592
	22238
	22288
	21558
	21698
	21483
	21670
	22010
	22344
	22705
	22772
	22992
	22884
	23236
	23150
	23228
	23756
	24153
	24052
	24435
	24220
	24642
	25073
	24959
	25617
	25515
	25421
	25569
	25178
	25449
	25618
	26157
	26330
	26269
	26139
	26506
	26733
	26973
	26868
	27261
	27472
	27779
	27305
	27568
	27389
	27713
	27778
	27779
	28061
	28036
	28161
	28034
	27933
	28198
	28478
	28547
	28444
	28429
	28417
	28322
	28188
	28188
	28251
	28110
	28748
	29376
	29599
	28987
	28762
	27892
	28328
	28234
	28445
	28403
	28166
	27960
	27684
	27628
	27628
	27367
	27053
	27383
	26982
	26550
	26877
	26820
	26376
	26677
	26605
	26287
	26217
	26513
	27341
	28027
	28205
	26762
	25942
	24600
	23725
	23436
	23485
	23349
	22809
	23094
	22675
	22373
	21877
	21659
	21594
	21094
	20361
	20288
	20450
	19880
	19898
	19421
	19403
	18666
	18834
	18443
	18405
	17986
	17472
	17035
	16865
	16589
	16365
	16269
	16245
	16535
	16121
	15715
	14997
	14616
	14767
	14349
	14123
	14187
	13790
	13430
	13217
	13025
	12797
	12671
	12749
	12572
	12439
	11941
	12037
	11958
	11671
	11559
	11467
	11103
	11060
	11122
	10784
	10658
	10497
	10052
	10090
	10065
	9827
	9703
	9995
	9939
	9797
	9715
	9660
	9620
	9379
	9294
	9505
	9214
	9253
	8937
	9005
	9005
	8858
	8622
	8432
	8586
	8469
	8454
	8467
	8191
	8301
	8163
	8063
	7911
	8097
	7909
	8050
	8242
	7940
	8084
	7677
	7433
	7623
	7504
	7347
	7349
	7298
	7237
	7114
	7170
	7128
	7108
	6973
	7093
	6928
	6789
	6774
	6793
	6771
	6779
	6633
	6576
	6597
	6530
	6486
	6573
	6453
	6502
	6394
	6247
	6353
	6201
	6020
	6193
	6144
	6149
	6218
	6171
	6039
	5760
	5953
	5963
	5985
	5854
	6070
	6007
	5887
	5759
	5830
	5801
	5614
	5794
	5733
	5680
	5673
	5627
	5572
	5593
	5553
	5648
	5874
	5767
	5770
	5623
	5598
	5509
	5454
	5369
	5541
	5585
	5477
	5485
	5307
	5332
	5503
	5356
	5358
	5499
	5485
	5364
	5339
	5320
	5338
	5432
	5354
	5377
	5388
	5205
	5090
	5174
	5161
	5217
	5127
	5141
	5096
	5084
	5097
	5125
	5118
	5245
	5207
	5174
	5117
	5081
	5065
	5180
	4973
	5099
	5000
	5044
	5000
	4937
	5030
	5057
	4871
	4970
	4890
	4982
	4987
	4827
	4820
	4857
	4812
	4793
	5116
	4933
	4979
	4782
	4775
	4783
	4873
	4907
	4754
	4725
	4745
	4781
	4726
	4775
	4561
	4650
	4638
	4747
	4675
	4536
	4574
	4641
	4709
	4770
	4739
	4625
	4606
	4696
	4724
	4588
	4710
	4629
	4724
	4650
	4807
	4651
	4667
	4770
	4904
	4991
	4771
	5077
	4997
	5131
	5197
	5317
	5232
	5553
	5833
	5942
	5915
	6089
	6217
	6381
	6414
	6417
	6725
	6698
	6710
	6756
	6698
	6628
	6740
	6926
	7021
	7248
	7269
	6947
	6675
	6734
	6676
	6790
	6889
	6927
	6861
	6667
	6725
	6654
	6659
	6678
	6761
	6603
	6816
	6926
	7357
	8043
	11127
	23188
	30235
	26009
	24208
	22986
	21647
	19619
	17304
	15022
	12787
	11259
	9956
	8784
	7704
	6963
	6576
	6078
	5921
	5553
	5417
	5122
	4906
	4972
	4991
	4868
	4729
	4724
	4674
	4897
	4694
	4652
	4750
	4815
	4760
	4796
	4778
	4902
	4901
	4940
	4874
	5113
	5233
	5465
	5633
	5884
	6246
	6798
	7459
	8575
	9922
	11423
	13173
	15438
	18191
	21888
	26491
	31562
	37821
	43083
	49737
	55355
	59898
	65410
	73530
	91961
	135569
	218157
	429001
	2496619
	1223432
	22339
	6