120
141
0
0
15
127
410
721
990
1002
965
995
1019
1002
1010
1052
970
988
949
1008
1015
1067
1019
990
1008
957
909
1009
989
960
946
974
938
937
967
923
938
893
965
968
931
972
950
933
939
979
967
930
940
964
923
976
898
933
904
929
932
889
944
903
888
919
924
943
937
915
907
993
962
889
906
910
920
937
968
943
931
931
911
912
899
940
942
931
890
907
912
928
889
947
951
967
939
866
957
940
871
980
980
969
957
962
954
940
907
985
885
976
977
905
939
924
951
947
926
977
943
997
1028
898
954
962
983
926
921
991
963
974
956
967
972
935
944
915
978
985
934
995
961
1015
1029
965
1033
991
1036
952
922
937
985
993
1003
1037
954
963
1001
987
1012
967
993
990
1001
1018
1066
996
988
993
1040
972
1023
1006
964
1073
1043
1098
1056
1036
1032
1027
988
993
1021
1022
1025
1036
1064
994
1053
1030
1061
1027
1028
1047
1028
1070
1050
1061
1040
1029
1095
1103
1022
1108
1038
1119
1081
1077
1013
1045
1039
1020
1013
1098
1096
1095
1065
1058
1043
1082
1123
1096
1070
1014
1063
1087
1058
1070
1121
1115
1061
1040
1091
1074
1045
1067
1029
1024
1031
1113
1036
1088
1125
1143
1065
1136
1113
1128
1069
1113
1102
1054
1110
1103
1095
1042
1174
1102
1088
1070
1200
1066
1134
1093
1146
1107
1092
1087
1150
1109
1098
1069
1074
1120
1195
1138
1109
1085
1051
1053
1086
1116
1045
1113
1139
1085
1110
1081
1078
1137
1089
1139
1107
1136
1107
1074
1113
1182
1133
1122
1139
1122
1137
1107
1128
1121
1089
1089
1110
1074
1130
1070
1055
1144
1160
1059
1104
1082
1099
1088
1130
1048
1106
1055
1093
1066
1106
1073
1130
1087
1031
1048
1094
1062
1040
1061
1063
1121
1114
1110
1101
1084
1086
1101
1022
1135
1091
1097
1080
1067
1073
1090
1073
1024
1025
1012
1077
1097
1036
1108
1100
1049
1063
1083
1038
1091
1055
1017
1086
1092
1082
1058
1038
1035
1055
1048
1072
1099
1017
1050
1052
1054
1036
1060
1044
1057
977
1059
1017
1059
1076
1082
1022
1068
1064
1033
1067
1083
1031
1055
981
1031
996
1011
1032
1024
1042
1017
1005
941
976
1016
990
975
1010
1016
1031
949
1022
999
903
1007
1031
937
967
1046
1007
1038
954
988
1000
1008
997
1010
933
977
1017
895
1018
999
984
988
963
926
970
1006
948
944
955
989
938
954
1029
930
945
952
924
953
982
982
1001
941
990
939
982
972
996
1003
969
976
940
930
958
1008
942
951
900
904
970
957
957
960
948
940
938
958
971
955
896
956
938
928
965
902
964
896
925
963
908
919
933
942
907
903
901
949
933
869
916
928
921
982
933
938
945
942
867
877
925
914
920
1001
948
889
909
887
854
868
882
920
876
935
926
890
874
924
941
875
884
925
909
923
903
859
908
901
912
918
851
886
894
886
896
996
893
909
910
890
852
923
900
876
874
861
907
911
889
899
951
896
889
861
915
892
895
901
870
874
894
850
906
881
904
889
898
871
821
871
866
889
861
929
885
849
852
889
840
838
854
931
903
855
891
888
901
903
894
883
897
906
889
896
855
850
874
863
861
833
850
896
866
826
865
890
867
894
889
883
895
839
864
814
881
868
879
877
875
886
819
853
841
865
892
851
895
848
840
893
876
829
820
818
857
818
834
865
876
859
840
805
800
859
860
814
820
847
885
832
929
813
883
870
811
910
839
871
788
856
846
831
859
785
847
811
857
838
877
827
797
841
807
829
841
808
856
832
845
905
801
830
813
861
825
786
812
821
845
809
866
793
790
841
813
835
802
808
791
813
749
802
813
831
825
774
788
813
758
799
827
782
816
850
804
769
776
797
802
770
736
797
759
756
801
707
782
760
777
786
776
799
768
773
739
763
748
751
748
793
782
740
749
826
714
756
775
781
790
776
720
753
707
733
714
759
745
685
742
727
739
741
783
724
741
712
742
778
733
687
743
695
691
712
685
708
727
714
684
703
754
677
757
710
692
729
686
720
700
698
718
729
679
664
698
697
731
695
706
671
718
780
668
644
639
682
655
722
594
640
673
684
674
671
671
636
638
618
630
665
668
651
674
678
662
701
608
673
652
667
617
635
670
663
620
699
638
645
683
620
626
649
572
615
597
660
604
613
593
617
680
625
589
604
595
608
608
595
633
633
606
592
645
657
599
584
648
593
536
607
582
595
607
551
605
596
563
615
608
585
542
616
584
574
606
610
571
509
561
561
546
583
570
553
645
562
553
582
558
560
594
577
579
545
553
590
575
546
546
557
556
549
552
580
566
579
512
576
564
563
565
536
524
576
523
536
513
583
539
537
489
568
512
582
521
550
569
589
560
561
567
566
525
594
628
577
540
596
566
537
552
580
572
555
592
593
575
564
563
546
587
572
576
583
582
580
588
590
571
585
620
563
607
604
621
582
578
537
600
579
629
569
566
583
552
607
567
615
592
628
623
614
627
615
565
612
607
666
601
651
638
656
562
637
661
648
628
639
642
640
628
634
679
688
685
660
639
632
629
632
680
686
632
643
656
717
667
618
617
676
646
698
656
684
718
690
671
691
669
720
707
713
762
702
732
722
747
750
733
713
716
731
762
734
746
757
751
720
734
726
767
748
807
744
817
832
802
798
787
791
871
809
804
806
752
822
755
844
791
882
846
813
792
879
799
876
830
923
887
829
824
904
896
870
882
874
939
880
904
926
894
859
900
909
943
949
949
885
923
949
938
925
941
976
950
951
978
962
978
918
1025
957
977
954
1009
1037
974
976
1028
965
983
965
962
988
1034
1058
1010
1057
1032
1009
1004
1051
1035
1010
1068
1047
1042
1000
1067
1102
1138
1081
1062
1085
1114
1044
1136
1070
1075
1090
1117
1099
1168
1151
1131
1098
1120
1126
1067
1085
1108
1161
1187
1147
1130
1146
1126
1185
1161
1200
1175
1167
1164
1109
1157
1199
1176
1174
1204
1128
1190
1171
1147
1207
1109
1283
1256
1228
1186
1222
1236
1162
1289
1270
1193
1198
1225
1309
1276
1236
1277
1245
1234
1174
1254
1224
1256
1251
1263
1235
1292
1273
1230
1306
1335
1331
1330
1266
1258
1228
1268
1309
1238
1252
1379
1269
1306
1305
1248
1337
1317
1222
1312
1333
1259
1397
1265
1257
1301
1284
1321
1283
1314
1284
1294
1367
1308
1361
1284
1262
1344
1307
1297
1294
1313
1358
1328
1343
1330
1311
1336
1350
1296
1293
1279
1370
1299
1318
1244
1281
1278
1312
1352
1349
1358
1331
1307
1348
1357
1342
1333
1347
1309
1354
1302
1362
1287
1277
1306
1319
1392
1305
1255
1360
1310
1341
1318
1310
1343
1367
1345
1274
1310
1332
1298
1265
1312
1311
1329
1253
1301
1280
1279
1274
1302
1243
1306
1277
1273
1300
1313
1352
1293
1237
1334
1308
1307
1272
1266
1258
1266
1273
1266
1255
1288
1202
1262
1281
1198
1246
1240
1258
1237
1250
1209
1236
1259
1221
1180
1226
1230
1201
1232
1244
1176
1266
1167
1254
1212
1231
1233
1161
1192
1257
1222
1219
1200
1143
1142
1155
1208
1194
1257
1160
1155
1147
1158
1108
1194
1176
1142
1095
1167
1184
1168
1184
1129
1131
1164
1114
1092
1104
1173
1134
1139
1052
1077
1098
1107
1152
1060
1089
1067
1062
1063
1042
1105
1055
1025
1031
1014
1066
1026
1019
1078
1029
987
1053
1054
959
1051
1006
1008
955
996
1020
991
990
950
951
947
992
904
927
999
958
887
959
943
948
924
974
891
931
868
946
917
913
900
878
836
883
957
885
850
941
816
836
836
908
887
857
867
827
882
815
835
837
856
836
790
829
780
790
821
759
766
819
778
817
766
749
746
717
750
789
754
747
771
749
755
752
760
738
703
754
760
720
704
711
685
720
648
717
702
663
634
674
656
680
682
642
716
700
649
637
630
628
652
627
605
648
597
609
616
612
609
609
605
599
570
577
553
592
608
589
611
570
594
589
537
546
570
555
553
554
500
521
546
519
547
513
521
476
559
527
500
496
495
513
478
502
499
491
493
473
462
501
485
487
455
491
456
471
447
439
457
449
437
419
466
437
458
402
436
425
429
410
406
433
425
387
446
408
407
425
425
431
392
398
402
368
362
382
389
373
372
392
365
346
365
395
365
356
333
358
382
323
334
373
356
346
313
333
345
320
334
331
317
330
333
309
333
311
298
297
285
318
319
319
300
296
304
291
322
283
300
289
304
253
293
282
278
260
267
259
267
310
277
248
270
251
241
247
277
246
232
252
234
257
235
252
259
234
242
239
252
206
250
259
227
235
212
247
236
212
227
224
221
218
209
204
222
216
215
193
197
223
212
200
222
196
190
187
200
209
183
189
173
200
190
199
191
185
165
178
179
178
191
175
166
165
172
178
169
190
178
165
165
161
151
175
174
161
163
149
163
163
164
142
169
149
139
142
149
145
159
174
150
130
158
140
133
160
143
143
152
138
124
137
136
131
125
158
132
153
144
132
137
132
115
143
115
134
161
123
125
118
137
136
103
117
111
119
113
123
110
126
118
103
134
101
112
108
121
127
115
106
105
105
106
106
127
126
119
123
121
103
106
100
107
95
109
107
122
101
87
102
113
92
89
108
93
92
111
111
92
106
102
80
104
111
99
92
74
91
92
105
94
79
76
102
102
99
78
87
81
85
72
76
75
93
92
95
80
81
65
76
79
76
88
72
89
85
80
65
99
62
86
78
90
95
74
87
63
67
81
76
93
71
70
63
87
74
77
85
74
67
80
71
82
63
81
79
76
83
88
76
67
81
76
52
72
67
73
70
65
62
60
55
57
71
69
68
61
67
65
49
57
80
55
75
70
74
65
59
58
76
59
64
52
55
66
73
70
56
64
53
75
56
71
62
76
63
66
60
65
58
55
51
55
51
62
44
63
62
47
59
61
57
57
50
63
56
51
70
55
60
59
75
55
53
54
64
58
67
65
54
50
57
45
45
55
61
52
46
57
43
58
62
41
47
47
49
44
62
48
50
40
53
52
59
57
45
51
43
50
58
57
38
42
47
64
52
56
61
51
55
52
44
60
37
62
53
53
47
54
44
41
52
43
48
42
56
49
50
42
43
54
43
45
32
58
55
39
45
52
43
66
51
53
56
46
41
36
50
37
47
33
47
50
49
59
44
39
51
49
48
47
48
49
42
42
46
50
43
39
47
51
30
45
48
38
35
51
38
38
39
40
37
58
59
51
50
38
35
51
37
42
32
42
35
43
34
40
37
38
44
33
33
49
52
39
39
35
37
39
41
41
35
32
47
44
32
49
36
41
38
40
33
38
45
58
39
43
42
39
43
35
32
32
32
47
47
40
37
49
36
47
48
34
31
40
35
28
35
46
46
27
29
38
28
42
39
23
28
46
47
49
32
26
32
43
25
28
50
30
36
36
32
37
36
41
33
26
39
40
44
27
44
28
35
25
29
31
28
41
40
32
22
31
32
26
35
50
32
22
30
34
35
27
31
32
35
41
33
32
34
22
31
31
29
29
33
35
33
30
34
27
25
41
48
36
33
38
36
26
28
21
22
27
36
33
39
34
33
31
33
17
24
34
42
41
39
32
39
34
35
28
36
38
30
18
33
31
38
30
30
23
33
26
24
35
25
22
30
29
32
30
39
28
27
26
26
34
41
24
23
29
24
32
35
21
27
28
26
42
27
20
31
37
22
26
35
28
30
19
29
32
26
24
32
26
31
33
30
31
28
22
28
29
28
30
22
26
25
24
40
25
34
32
38
30
26
26
31
29
25
20
23
27
40
23
19
30
37
26
21
27
28
25
24
29
26
28
35
26
26
24
39
26
28
24
31
17
23
25
24
34
25
21
26
18
31
30
32
29
27
16
26
21
28
30
22
27
27
24
33
20
22
24
29
24
25
22
37
32
36
22
30
25
22
34
26
30
35
20
28
20
26
20
25
26
22
24
28
27
34
21
21
28
28
24
37
25
23
23
24
34
36
23
32
20
28
25
26
22
25
36
31
24
17
19
27
24
32
20
22
23
25
26
29
17
23
20
23
23
24
28
20
19
18
21
26
26
19
29
26
24
22
33
23
27
18
30
17
30
33
23
27
22
18
29
22
32
30
30
27
32
22
25
22
16
28
15
20
19
22
19
25
13
24
23
21
25
22
18
26
28
16
19
23
16
26
18
22
26
20
21
20
26
26
23
17
21
22
27
22
24
15
20
23
17
23
18
27
22
25
13
21
14
21
14
21
18
14
24
30
25
22
16
22
18
19
14
21
21
23
19
18
21
18
25
15
21
19
21
18
19
18
19
14
19
24
27
15
16
25
21
23
25
20
24
17
29
17
25
28
26
24
18
26
13
19
24
26
20
19
22
25
23
19
20
21
19
30
17
23
15
21
14
18
21
15
21
15
18
15
16
18
26
19
20
17
26
14
23
14
24
24
25
18
22
20
25
14
14
24
20
22
17
21
19
27
14
20
21
20
17
20
17
23
19
23
19
29
23
21
25
16
19
13
22
19
24
19
19
25
23
22
19
20
17
12
21
20
17
20
19
23
18
18
22
23
18
22
17
19
19
18
16
12
16
21
16
18
15
23
13
16
21
14
17
9
16
18
12
15
17
13
21
18
13
15
19
20
22
13
18
17
13
18
16
14
14
22
21
16
15
11
25
16
11
20
10
15
17
13
20
18
21
18
17
23
15
17
21
15
13
14
18
18
18
16
13
19
12
11
19
13
18
22
22
24
12
16
15
24
13
12
17
16
13
16
10
13
23
13
19
16
11
12
10
20
18
21
15
18
17
17
12
17
22
15
14
10
24
21
12
20
17
18
16
15
16
15
10
25
16
18
18
11
10
12
19
19
12
16
19
12
13
18
15
15
12
10
13
18
15
11
19
11
17
14
17
12
18
16
15
11
15
10
10
17
16
14
16
15
16
10
13
15
11
17
10
15
13
23
14
12
13
15
18
13
18
7
13
12
18
13
12
13
10
12
11
14
20
16
11
13
13
11
10
12
11
18
9
7
13
14
13
13
11
16
12
22
9
8
17
14
10
8
17
9
11
23
6
15
9
6
8
12
16
15
15
11
19
10
15
17
8
10
18
8
13
6
9
23
12
17
17
11
3
7
9
12
11
12
10
14
5
11
6
11
10
8
19
12
13
16
10
13
11
10
13
14
9
17
7
10
11
12
10
14
10
10
8
12
9
11
12
8
13
8
7
13
12
4
14
9
9
11
10
10
12
9
12
18
11
10
6
4
15
7
14
8
8
8
4
10
7
5
12
6
14
7
18
10
15
10
16
14
7
8
8
13
8
15
12
6
12
12
8
8
9
11
14
10
15
9
9
8
7
5
12
7
8
13
13
10
10
10
7
8
14
10
7
6
7
11
9
13
12
11
7
12
6
9
8
8
8
8
6
10
10
12
9
6
11
7
9
11
9
10
6
7
13
9
5
7
7
7
10
5
5
13
9
10
11
4
7
9
9
9
6
7
14
5
5
5
14
8
6
7
8
10
9
7
12
10
11
10
7
5
6
12
10
8
9
6
8
2
9
2
8
7
11
11
9
7
11
5
11
8
8
5
10
8
8
7
10
9
11
11
11
8
8
11
6
10
4
10
3
16
8
9
9
9
5
8
8
6
8
14
15
4
7
8
12
7
3
10
7
4
3
8
8
6
8
10
9
7
6
9
8
4
9
7
5
4
8
7
5
10
7
12
6
11
3
4
2
8
6
6
10
10
7
11
3
3
5
3
3
13
2
9
3
7
5
5
11
6
4
5
4
6
11
4
11
6
10
7
8
1
6
5
9
12
3
8
10
7
6
6
9
8
7
5
6
8
9
10
6
6
7
3
10
8
8
5
1
8
5
11
9
5
7
5
6
6
5
6
3
4
10
8
7
6
4
10
7
4
4
10
5
3
3
5
9
9
5
8
4
9
3
8
6
4
3
7
4
3
6
6
4
9
3
9
9
3
10
7
6
2
7
5
8
8
5
5
6
6
7
5
5
5
8
5
5
8
5
5
4
6
8
5
11
8
6
5
3
2
7
4
6
8
7
6
8
5
7
3
1
5
4
3
2
6
1
1
5
10
5
6
3
4
4
4
3
7
5
5
6
7
7
6
5
4
3
7
7
6
3
6
3
3
4
7
10
5
5
4
4
8
7
4
6
7
0
10
3
4
5
7
5
6
3
5
10
4
5
6
5
7
6
6
5
2
3
4
6
8
3
4
6
3
5
5
2
5
9
1
3
4
3
5
3
4
5
8
0
5
7
7
5
4
6
3
3
7
4
5
6
4
3
6
5
6
6
3
3
4
6
3
6
4
4
8
2
6
3
6
4
4
5
6
4
3
7
5
5
6
6
7
3
7
4
8
7
5
4
5
4
7
4
5
4
3
4
7
6
3
5
6
2
4
2
5
5
7
4
5
5
3
1
7
3
5
5
3
4
3
1
5
7
1
5
7
3
11
3
9
6
4
3
6
4
5
0
4
6
4
5
8
5
5
3
3
6
2
3
2
6
2
7
8
6
4
2
2
1
4
5
2
3
5
6
1
4
7
4
2
8
5
3
2
3
4
4
5
3
4
2
9
5
5
5
9
3
5
8
4
2
4
2
1
8
6
5
4
4
9
1
5
5
4
6
6
1
5
6
4
5
4
3
2
12
5
7
4
2
6
5
13
3
6
5
4
7
4
5
6
3
4
6
3
2
4
7
5
5
5
7
4
3
4
5
7
2
4
4
4
6
3
4
4
4
9
3
6
6
3
6
4
2
3
2
2
4
7
3
4
8
5
3
4
6
6
4
3
2
6
3
7
5
6
3
0
3
4
5
3
5
2
2
2
7
2
10
1
3
5
5
4
5
6
2
4
2
4
3
9
2
4
5
8
3
4
3
2
2
2
6
2
3
2
2
3
2
1
3
7
7
5
0
5
8
2
2
4
1
2
4
4
5
5
7
3
3
8
5
2
3
4
4
6
3
4
4
4
4
9
3
6
5
8
7
3
5
6
7
8
5
5
1
3
8
7
4
5
3
3
5
4
11
6
3
2
2
1
7
5
2
2
4
3
7
8
5
6
3
0
4
8
9
5
5
3
3
2
3
3
1
2
8
4
5
3
8
4
3
3
6
7
3
2
5
8
1
2
7
5
2
4
7
3
4
5
7
3
7
3
5
4
6
2
1
7
3
2
5
7
4
7
6
5
6
3
4
6
3
3
3
1
5
5
3
7
6
5
2
2
7
6
4
3
7
3
2
3
0
1
3
5
4
4
5
9
2
1
5
4
6
8
2
2
2
11
3
7
6
4
5
7
7
2
3
3
7
1
2
4
4
4
6
6
3
2
5
4
2
7
5
6
3
7
2
4
8
5
9
4
1
4
3
4
8
5
2
7
6
6
5
6
3
5
5
0
3
6
3
3
6
8
8
4
0
4
6
7
1
5
3
4
9
3
5
2
4
4
3
7
3
7
3
4
3
4
4
6
6
7
5
10
4
2
3
2
3
2
2
8
8
3
3
3
4
8
4
3
3
4
4
3
3
2
2
8
2
8
5
1
9
8
4
5
5
4
5
6
3
5
4
5
3
3
4
2
4
4
3
7
2
1
5
3
6
4
6
4
8
4
2
4
3
4
2
2
3
1
6
4
4
1
3
4
3
1
3
4
2
3
4
5
9
8
6
6
1
4
3
5
2
3
9
3
3
4
3
4
3
3
3
3
6
3
0
2
1
7
3
0
2
3
3
5
4
3
8
6
0
6
2
2
6
4
2
3
2
6
5
2
5
6
6
7
2
3
2
2
4
4
3
4
4
6
9
3
3
4
3
5
8
1
4
6
4
3
7
6
5
5
3
2
6
5
3
3
5
3
5
9
2
7
3
6
9
4
7
7
3
8
3
7
8
4
0
1
7
1
7
5
0
4
4
3
4
10
5
3
4
4
4
0
2
5
2
6
3
4
4
3
6
5
3
5
1
4
4
7
7
2
1
4
5
1
4
6
3
2
3
5
2
3
5
2
3
3
4
1
5
6
11
3
4
3
2
4
3
7
4
4
2
5
9
4
3
0
2
3
6
4
2
4
2
5
3
3
3
5
5
4
4
2
3
3
2
5
0
2
2
5
6
2
4
5
0
9
9
4
2
4
5
2
6
3
2
4
5
4
3
3
2
3
1
6
4
5
2
6
6
5
5
5
0
5
6
4
5
6
3
3
6
2
4
5
3
7
6
6
2
3
5
3
3
4
4
4
4
4
4
4
5
6
2
4
3
6
3
2
4
5
4
4
3
5
4
2
7
0
3
7
9
1
8
5
2
3
3
4
1
9
2
3
2
5
6
4
5
4
3
4
3
5
3
7
3
2
3
5
1
3
8
5
2
7
5
4
5
5
8
2
2
3
5
4
1
6
4
4
6
2
6
3
0
4
4
4
5
7
6
6
1
2
1
9
10
5
3
2
4
7
4
4
4
4
3
6
7
3
5
7
1
2
3
8
4
4
2
3
0
7
5
2
3
4
3
4
4
5
3
2
6
1
1
3
5
9
4
5
5
4
5
3
7
7
2
5
2
7
10
4
4
3
3
3
2
5
3
3
4
4
5
4
5
3
4
5
4
4
2
1
6
2
6
4
5
5
5
7
5
1
4
2
5
1
6
2
3
4
9
3
4
2
3
5
2
3
4
5
7
8
3
3
6
4
9
6
3
3
4
2
3
2
4
3
3
5
4
3
3
4
4
8
2
5
2
7
7
2
3
3
0
7
7
3
7
10
5
4
0
8
7
2
5
3
5
3
4
3
4
3
2
7
6
5
3
1
1
5
6
3
3
6
4
4
2
5
7
5
4
5
5
6
3
3
4
4
8
6
4
4
6
5
4
3
1
3
4
6
5
5
2
6
2
4
7
5
5
7
1
3
5
6
5
1
5
6
6
5
1
3
4
6
4
0
4
1
3
3
8
4
3
4
5
3
6
1
4
3
5
2
4
7
6
3
3
3
4
6
5
6
2
3
3
4
1
7
5
5
5
3
6
2
4
5
2
6
4
5
10
5
5
7
5
3
7
3
4
7
4
4
2
4
3
1
6
9
3
4
2
4
4
8
3
8
1
1
4
3
6
2
3
3
4
8
7
8
4
3
2
1
2
2
4
4
4
4
3
7
9
7
2
4
4
1
5
7
7
4
5
3
4
6
1
6
6
5
4
9
4
4
0
3
3
4
6
4
6
5
5
5
6
3
8
4
3
2
5
7
4
6
2
5
3
3
11
4
6
7
5
2
7
3
3
0
9
5
3
4
4
8
7
7
1
2
5
4
3
2
2
3
6
3
9
5
7
8
3
2
2
5
6
5
2
3
2
5
4
4
4
1
4
8
5
3
3
3
6
5
5
4
2
2
6
3
2
2
4
3
6
5
3
3
3
4
8
5
1
6
5
4
6
5
5
8
6
4
1
8
7
5
9
0
6
4
1
4
9
4
3
2
0
2
4
3
5
4
3
5
3
6
6
3
1
3
6
7
3
4
3
5
5
6
3
5
5
8
9
6
4
7
2
6
5
5
6
5
7
3
4
3
4
5
4
4
3
6
6
6
4
2
2
5
4
3
3
5
4
2
8
6
2
3
3
5
2
3
3
1
4
4
2
4
3
4
2
7
4
3
4
3
7
3
3
6
2
6
5
4
7
5
3
5
3
3
7
2
2
3
7
3
4
5
1
3
5
6
5
3
3
4
3
1
2
8
3
7
1
4
3
8
2
3
6
4
2
3
5
2
3
10
8
3
1
8
5
3
5
6
2
4
6
3
11
4
3
5
2
4
3
1
3
7
7
0
3
8
1
3
1
1
2
5
4
7
3
4
3
3
5
7
5
3
5
3
7
1
4
4
4
4
3
4
3
5
3
6
4
7
5
5
2
9
4
5
6
6
6
6
8
6
5
6
2
2
8
3
5
3
3
7
8
3
5
2
6
10
7
6
8
3
8
6
5
2
6
4
2
3
5
1
3
4
0
4
4
6
3
6
2
8
6
3
7
1
3
6
2
2
1
7
9
2
7
6
7
4
4
2
5
5
2
8
2
4
3
5
4
3
1
4
1
3
4
5
3
6
5
6
2
1
4
2
6
6
7
7
5
5
5
5
3
5
2
3
9
9
8
2
7
4
2
5
3
1
5
6
4
2
4
3
4
0
4
3
3
10
3
6
3
4
8
1
4
4
3
3
2
4
5
3
3
6
4
4
6
9
4
8
5
5
5
3
6
4
6
6
3
5
3
2
1
6
0
7
5
6
4
3
6
2
5
4
1
6
1
4
6
6
5
9
4
5
3
5
2
8
6
5
8
4
1
10
8
4
4
5
6
2
3
8
1
4
9
4
4
2
5
9
8
5
7
7
3
5
3
2
7
3
3
2
5
8
3
5
7
6
5
8
5
5
4
3
3
6
4
7
3
9
8
3
4
1
1
7
5
1
5
2
3
10
5
5
3
3
7
2
4
4
5
3
6
5
4
8
3
8
4
4
8
6
2
1
2
1
4
3
9
3
2
3
6
7
4
4
3
5
3
7
4
5
4
5
4
3
6
6
1
7
4
5
8
6
3
3
4
4
6
3
5
6
7
0
4
5
7
3
2
4
5
3
3
5
5
4
4
2
6
7
5
1
7
4
3
5
2
7
4
6
4
5
7
6
5
2
5
4
1
8
5
3
3
2
3
2
3
10
5
4
4
5
5
6
8
2
2
3
1
4
8
2
0
4
4
7
3
5
2
4
4
8
3
6
6
7
4
3
7
7
5
2
8
4
7
6
5
3
8
1
3
2
2
5
5
3
5
7
2
2
4
5
5
5
3
2
2
9
5
1
3
11
3
3
7
2
6
9
5
8
4
6
8
5
7
2
3
3
4
6
3
5
3
6
7
2
5
6
5
5
7
3
4
3
4
4
10
5
4
8
10
3
6
6
5
7
6
3
1
4
2
8
5
5
4
0
3
3
2
4
7
5
3
3
9
8
5
4
2
2
3
6
0
8
3
7
6
5
3
7
3
1
6
2
4
3
3
3
3
4
1
5
4
5
3
2
3
4
7
7
4
4
5
4
6
6
5
2
3
7
8
6
2
2
3
3
4
6
5
8
3
2
5
3
7
5
9
3
3
6
4
2
5
6
2
5
4
9
5
11
3
4
5
4
3
2
4
1
5
6
2
3
4
3
6
6
4
3
5
7
5
4
4
6
4
6
4
4
3
3
8
5
7
7
7
4
5
3
4
5
3
4
1
4
1
6
5
4
4
6
2
3
6
1
5
2
5
5
10
4
2
5
2
7
8
6
3
5
6
5
4
3
5
3
7
6
6
5
3
1
8
5
3
7
6
6
7
9
4
7
4
4
2
9
2
3
5
5
8
5
4
3
3
5
4
6
6
3
4
3
9
6
6
4
12
6
5
9
5
6
5
3
5
6
4
5
4
4
4
4
3
1
5
6
3
8
3
4
8
2
8
3
3
3
6
4
2
7
5
1
3
4
9
2
6
3
4
7
6
7
1
5
4
5
4
2
4
5
3
8
8
7
6
3
5
4
7
3
3
6
11
4
3
3
5
4
3
5
2
1
9
4
9
1
5
3
3
2
1
3
4
5
1
3
4
5
4
7
2
3
4
6
8
3
6
2
5
2
4
4
5
1
1
3
1
7
6
3
7
3
3
3
3
7
5
3
3
3
6
3
2
4
4
8
4
5
8
2
6
5
3
2
7
3
2
5
6
3
6
3
8
6
8
3
6
9
5
5
4
3
3
4
4
7
5
4
1
2
6
4
4
1
3
4
6
4
4
2
3
7
4
4
0
1
7
2
3
6
5
3
4
2
5
9
3
5
2
3
2
3
1
3
5
6
3
9
3
4
6
6
5
4
5
4
2
4
1
5
8
4
3
4
2
3
6
6
7
2
3
4
3
4
3
4
3
4
7
7
5
6
6
5
3
3
2
1
3
3
1
6
3
6
4
2
8
3
3
4
4
2
7
8
5
7
4
3
4
2
4
5
1
2
6
4
4
5
1
5
4
1
4
6
4
3
6
8
1
2
2
5
1
5
3
5
1
6
5
6
5
1
1
3
3
6
3
2
7
2
4
7
2
5
2
1
3
1
4
5
6
5
3
7
0
8
4
5
2
4
3
9
4
2
5
3
5
4
4
7
2
8
9
9
2
5
9
7
6
5
6
2
1
5
7
2
9
4
3
3
9
5
3
5
6
5
3
4
5
6
4
3
5
2
6
8
8
6
7
3
2
1
5
5
3
2
4
3
7
3
1
2
5
4
4
2
3
8
8
7
3
4
7
4
4
5
5
5
6
5
4
8
3
2
3
2
7
2
5
7
6
6
9
4
4
2
4
7
4
4
4
6
1
4
3
3
6
10
6
8
9
6
3
3
4
3
7
4
3
4
3
9
3
7
5
5
5
1
3
2
3
6
7
0
7
7
3
7
6
2
4
2
5
3
4
3
4
6
5
4
1
2
1
2
5
5
7
4
8
3
3
7
3
6
4
2
3
6
5
8
2
5
4
2
4
5
1
2
4
7
6
4
4
6
5
3
2
2
6
6
5
5
3
6
3
2
4
8
4
6
3
2
5
4
1
3
7
6
4
4
3
8
5
4
5
5
2
2
7
5
0
4
3
9
4
3
2
3
6
5
5
2
3
4
2
4
2
5
5
3
4
8
3
6
4
7
1
6
4
5
1
4
5
4
4
3
2
4
1
8
4
5
2
4
5
4
4
3
6
2
4
2
4
4
6
8
4
4
3
6
2
1
5
6
5
6
5
4
8
6
6
6
1
2
6
3
7
3
5
1
1
6
6
3
4
4
4
3
6
2
1
6
10
3
7
4
3
4
8
5
7
7
6
5
6
2
3
6
3
0
2
3
6
7
3
6
8
4
5
1
4
7
5
5
3
8
7
3
6
6
6
4
5
6
9
6
5
2
5
3
5
5
4
6
4
1
1
4
3
4
5
3
1
2
2
8
9
5
2
6
9
2
9
3
5
3
1
3
2
2
6
4
3
2
4
4
4
3
5
6
2
1
4
5
5
2
5
7
2
1
4
5
5
3
3
5
4
1
8
3
3
4
5
4
4
6
3
3
9
3
4
2
1
3
9
8
5
3
2
2
4
2
3
5
1
3
2
7
4
9
8
5
3
3
3
1
0
4
3
5
2
7
1
7
3
6
5
9
3
2
2
1
2
4
1
4
7
4
3
4
2
7
4
7
7
3
2
8
2
3
3
3
7
4
2
2
11
7
4
5
5
2
5
2
2
3
7
4
6
4
2
1
4
4
5
2
1
2
8
5
7
1
3
3
3
6
1
3
9
4
2
5
2
0
7
3
4
6
4
4
4
5
2
3
3
5
5
5
8
2
12
4
1
3
2
5
4
2
4
6
4
3
2
4
4
2
5
1
1
3
1
3
6
5
3
5
6
2
2
6
5
7
4
4
1
5
5
4
2
7
5
2
2
6
6
5
5
5
2
7
2
7
3
4
3
4
4
5
3
3
5
3
3
1
3
7
11
3
3
4
1
3
10
5
4
2
6
8
3
4
7
2
3
3
8
4
1
5
5
4
3
5
1
5
2
5
1
0
1
4
6
3
2
1
1
3
3
3
3
0
2
5
9
2
5
6
0
5
7
3
1
6
3
4
3
4
7
5
4
6
4
5
3
4
1
4
4
1
2
4
2
3
4
4
2
9
4
2
5
2
3
6
5
2
2
7
4
4
2
4
3
1
2
2
3
1
3
2
8
5
4
0
3
4
2
4
6
5
2
8
4
3
2
3
8
3
2
3
5
6
5
1
4
3
0
3
5
9
4
6
1
6
5
4
5
2
4
2
5
5
2
5
2
6
4
3
3
7
2
2
6
4
8
4
0
3
3
1
1
3
1
0
3
5
2
4
6
8
2
5
8
4
2
5
3
3
5
3
3
2
3
1
6
7
7
4
5
1
4
3
3
5
4
4
3
1
2
5
3
6
4
2
3
5
2
1
3
2
3
1
3
4
6
5
4
3
1
4
3
5
7
4
6
4
4
2
5
7
2
6
4
3
9
0
3
3
3
1
1
3
0
3
7
2
4
3
3
6
4
2
7
2
1
4
5
4
6
2
5
0
3
2
1
2
2
4
2
6
6
5
5
5
2
2
2
4
4
3
3
7
0
6
4
4
6
4
3
5
3
3
6
1
3
3
2
5
6
5
4
1
4
1
3
2
6
4
2
2
1
6
4
3
4
3
3
3
4
2
3
2
6
4
7
4
3
4
8
3
3
2
3
2
7
3
7
4
3
3
5
5
3
6
2
4
1
3
2
2
1
5
1
3
4
2
8
4
3
3
5
7
2
1
1
2
4
2
4
8
6
4
0
0
6
3
3
0
5
2
5
7
5
3
1
0
5
2
2
2
3
3
6
4
5
0
2
2
1
3
0
3
5
4
1
6
4
10
2
3
2
0
3
4
6
3
3
8
3
2
4
3
3
6
4
2
9
2
2
3
4
6
4
0
3
6
4
3
2
2
3
3
4
2
6
2
2
1
3
4
2
3
6
1
2
4
4
2
6
3
2
1
2
5
3
1
4
5
2
2
7
5
1
0
3
1
7
2
2
4
3
2
3
3
3
2
3
1
4
6
5
3
6
0
1
5
7
4
5
0
4
2
1
4
4
1
3
2
1
4
5
5
0
3
4
2
2
5
2
1
2
3
2
3
4
5
6
2
7
6
2
4
6
1
4
3
3
7
8
2
3
2
0
2
1
2
4
3
1
4
5
4
2
4
3
0
2
5
4
2
4
1
4
2
7
7
3
7
3
2
6
4
3
2
1
5
0
5
6
5
4
2
7
3
2
1
5
6
6
3
4
2
3
7
2
2
1
2
1
3
2
4
1
3
3
5
4
4
4
5
5
3
3
3
4
2
2
4
3
3
2
6
4
4
5
3
4
5
6
1
2
5
5
0
6
0
7
4
1
2
3
4
6
4
0
4
4
3
2
4
3
5
1
4
3
3
4
6
6
3
1
3
3
2
0
5
3
1
8
1
4
5
1
2
3
3
0
1
1
1
8
0
6
2
2
5
3
5
2
3
4
5
4
5
3
2
0
3
3
3
3
3
4
3
2
4
1
4
3
4
7
4
1
5
5
2
3
4
0
5
1
5
1
5
4
9
0
3
5
2
0
4
5
6
9
4
0
3
5
3
3
3
3
2
3
1
2
3
4
3
2
2
7
4
4
1
2
3
2
4
1
4
5
4
3
6
2
3
4
4
2
3
1
3
3
4
4
2
1
2
3
5
5
3
5
5
3
2
1
1
6
3
1
2
5
3
7
5
2
2
3
3
4
4
2
2
3
2
4
5
2
4
1
1
2
7
3
4
7
5
1
6
4
2
4
1
3
4
3
3
1
0
4
0
4
3
0
4
4
2
3
5
3
6
2
0
2
3
5
6
1
1
4
1
3
1
3
1
1
1
1
4
5
5
4
1
5
4
2
3
4
3
3
5
3
1
2
3
6
2
1
3
5
2
3
3
1
2
4
5
6
3
4
1
3
4
2
4
4
3
2
1
4
3
1
1
3
3
2
4
2
3
1
1
4
4
3
1
7
4
1
2
2
2
3
3
3
2
3
5
7
4
3
2
3
4
6
3
4
1
2
1
4
3
6
2
1
1
2
1
3
0
3
2
1
4
2
4
3
5
4
2
6
5
3
2
5
2
3
5
4
2
3
4
2
1
3
2
3
3
2
4
5
3
2
4
0
2
5
5
2
2
5
0
6
1
2
2
4
3
6
4
6
1
3
4
3
2
1
4
3
2
2
6
0
5
2
5
1
3
6
2
2
6
2
1
4
3
3
2
2
2
3
1
4
5
2
0
1
2
3
3
2
2
5
2
3
3
0
1
5
5
3
3
2
4
1
1
3
2
2
1
4
1
2
5
5
2
7
4
5
1
1
3
0
3
5
2
4
2
4
5
1
4
5
8
5
1
2
4
1
2
2
1
1
4
6
2
4
1
1
5
1
4
7
2
2
5
3
2
2
2
3
5
6
1
3
3
3
1
2
2
5
7
3
3
2
2
3
5
3
5
5
4
4
2
1
6
3
3
4
2
3
1
3
3
3
3
0
0
4
6
3
3
4
5
3
6
3
3
3
6
4
3
3
1
2
3
4
2
2
3
4
3
3
3
0
1
4
0
2
4
4
1
3
3
2
8
1
5
2
4
1
0
2
2
3
2
3
1
3
5
1
2
2
1
2
4
3
6
3
3
3
6
4
1
2
4
1
5
2
6
2
3
1
4
4
3
4
6
1
4
5
2
2
6
3
1
2
2
7
2
2
3
0
1
2
3
4
2
2
0
2
4
4
3
6
2
1
2
6
2
1
2
4
2
2
3
9
2
1
2
4
2
4
3
6
2
2
3
4
4
2
1
3
0
4
2
4
1
2
3
6
1
5
3
4
3
7
7
0
2
2
2
5
5
1
2
6
2
2
0
2
0
2
6
3
1
7
2
1
5
0
0
2
3
3
5
5
3
2
5
2
1
3
4
3
2
2
4
2
3
4
4
2
1
2
1
4
1
5
2
2
1
1
1
2
5
1
5
3
1
2
3
1
4
1
6
3
0
5
1
2
1
1
1
4
3
2
8
2
4
2
3
0
3
2
1
1
0
2
1
3
3
1
1
3
3
4
2
1
5
6
4
3
5
1
3
4
5
1
1
1
2
1
5
3
3
4
0
3
1
4
4
3
2
2
4
1
2
4
4
1
2
4
2
3
1
5
7
3
1
5
3
3
2
0
4
2
2
2
1
2
1
2
2
1
3
4
4
5
4
2
8
1
2
0
4
3
2
2
0
5
5
3
2
3
2
2
3
1
4
2
2
2
1
1
1
3
2
4
4
2
2
0
0
4
1
0
1
