30
30
0
0
0
0
0
0
0
0
0
0
0
0
0
0
0
0
0
0
0
0
0
0
0
0
0
0
0
834
955
1132
1200
1464
1564
1753
1872
1936
2060
2198
2243
2333
2489
2507
2727
2845
3036
3202
3444
3704
3755
3662
3472
3024
2567
2146
1758
1610
1330
1064
907
794
632
567
450
351
307
264
187
190
133
114
94
99
85
62
67
66
61
71
58
60
58
58
55
59
48
57
40
59
46
56
60
47
38
53
44
45
52
49
50
71
50
36
40
55
63
60
49
44
46
54
45
41
53
49
40
41
36
47
44
35
39
30
44
27
40
39
28
24
36
40
34
45
27
39
26
37
31
29
22
25
22
25
31
26
22
29
25
22
25
12
19
21
18
21
27
16
25
18
25
25
24
13
22
15
15
14
14
22
10
24
19
19
14
12
24
16
12
20
19
23
24
13
17
13
13
15
17
16
15
10
14
22
22
14
17
24
18
16
8
24
11
13
12
16
21
11
18
11
5
15
12
7
16
18
18
21
8
12
12
19
13
11
16
10
16
12
14
14
14
12
12
21
13
8
15
15
13
14
17
8
16
15
11
17
19
11
11
16
16
13
17
10
11
14
7
11
9
10
10
7
11
13
9
11
9
9
13
4
7
7
9
7
5
10
7
9
11
8
8
17
13
7
8
9
6
14
5
7
11
6
8
10
6
7
4
10
8
4
6
8
6
8
1
10
11
3
6
10
6
9
6
6
4
7
7
8
9
6
4
7
3
8
6
7
9
9
8
2
15
10
9
4
10
11
11
17
17
17
17
24
14
20
25
21
21
32
34
36
35
25
35
41
49
55
60
55
47
48
68
59
67
53
51
58
56
54
47
47
27
40
32
24
25
17
16
13
15
14
11
11
4
5
3
7
7
1
4
1
2
1
0
0
1
3
4
4
1
1
4
1
2
0
2
0
1
1
0
0
0
1
2
0
2
2
0
2
0
0
0
1
2
1
2
2
1
1
2
1
0
1
0
2
0
0
4
1
0
2
4
2
1
1
1
1
2
1
0
1
2
2
1
0
1
0
0
0
0
1
1
2
1
1
0
0
2
2
3
0
2
3
0
3
4
2
0
2
1
1
0
2
1
0
2
0
3
2
6
2
1
1
2
4
1
1
1
0
1
2
3
1
1
0
1
0
1
1
0
0
1
3
3
1
0
0
2
3
1
3
1
0
2
2
1
1
0
0
3
2
1
2
1
1
0
0
0
1
2
0
0
0
0
1
0
0
0
1
0
3
0
1
1
0
0
0
0
0
0
1
0
1
1
1
1
1
0
1
1
0
0
1
1
0
0
1
0
0
0
2
1
1
2
0
3
1
1
0
1
1
1
1
2
0
1
0
0
1
0
0
1
0
1
1
1
1
1
1
1
0
0
2
0
2
0
1
1
1
2
1
1
2
0
1
1
0
1
2
1
2
0
0
1
0
2
0
1
1
0
2
1
1
0
0
0
0
0
2
0
1
0
0
2
1
0
3
0
0
0
0
0
1
2
0
0
1
0
1
0
3
0
0
0
1
0
0
0
0
1
0
0
0
1
0
0
0
1
1
0
1
1
1
0
0
0
1
0
1
0
0
1
0
0
1
0
1
0
0
0
0
0
0
0
2
0
0
0
0
0
0
0
1
0
0
0
1
0
0
0
0
0
0
1
1
0
0
0
0
0
0
1
2
1
0
1
0
2
0
1
0
0
1
2
0
0
2
2
1
1
1
3
4
2
1
0
2
0
2
3
2
1
3
2
2
1
0
2
0
4
4
3
0
1
1
1
0
0
0
1
1
2
1
0
1
1
1
1
2
1
0
1
0
0
1
2
0
0
0
1
1
1
0
0
0
0
0
0
0
0
0
1
0
0
0
0
0
1
0
0
0
1
0
1
0
1
0
0
0
0
0
0
1
0
0
0
0
0
1
0
0
1
1
0
0
0
1
1
0
0
0
0
0
1
1
0
0
0
0
1
1
0
0
2
0
0
1
0
0
0
0
0
0
0
0
0
1
1
0
1
1
0
0
0
0
0
0
0
0
0
1
0
0
0
0
0
0
0
0
0
0
1
0
0
0
0
0
1
0
1
0
1
0
1
0
0
0
0
1
0
0
0
1
0
0
0
0
0
0
0
0
0
0
0
0
0
0
2
2
0
0
0
1
0
0
0
0
0
0
0
0
0
0
0
0
1
0
1
0
0
0
0
0
0
0
0
0
0
0
0
0
0
0
0
0
0
0
0
0
0
0
0
0
0
0
0
2
0
1
0
0
0
0
0
0
0
0
0
0
0
0
0
0
0
0
0
0
0
0
0
0
0
0
0
0
