30
30
0
0
0
0
0
0
0
0
0
0
0
0
0
0
0
0
0
0
0
0
0
0
0
0
0
0
0
819
972
1130
1228
1490
1665
1710
1841
1961
2077
2135
2323
2335
2459
2537
2682
2808
3027
3269
3540
3655
3808
3709
3548
3162
2645
2143
1804
1475
1300
1101
967
795
711
544
455
374
323
236
174
171
141
124
112
77
96
76
94
68
74
65
69
76
74
70
52
53
50
51
67
69
58
64
76
65
61
56
59
58
41
65
67
61
59
55
67
58
69
60
58
82
58
48
54
71
56
64
47
61
60
57
41
55
59
56
57
34
48
53
51
51
51
42
58
44
41
58
48
52
36
48
41
42
25
42
35
35
41
41
44
43
34
42
30
41
33
34
34
22
26
20
26
32
23
18
35
32
21
24
25
40
30
31
26
25
31
32
19
31
28
18
26
16
19
28
17
27
28
25
26
31
23
30
31
27
26
32
21
25
23
12
26
22
25
18
28
21
20
21
22
25
22
17
26
17
26
21
16
29
25
29
21
21
23
20
13
22
30
23
26
18
23
22
28
24
25
27
25
26
23
21
20
23
21
18
14
18
27
21
32
18
26
20
14
19
15
9
19
20
12
17
16
17
19
12
10
14
11
10
8
10
9
12
7
17
4
8
10
8
8
4
12
10
8
9
14
2
7
10
10
4
5
3
9
1
7
5
4
10
11
7
3
5
6
2
6
3
4
5
7
4
4
8
5
4
6
5
3
6
10
6
7
5
4
7
6
5
4
9
7
9
8
5
10
12
12
17
9
13
24
18
19
27
33
42
44
63
59
59
78
71
81
98
97
138
129
138
143
129
158
152
165
135
154
158
133
156
122
133
112
114
97
88
72
64
56
52
54
35
28
24
13
20
22
13
17
12
10
6
4
3
4
1
1
2
2
4
2
1
5
2
2
1
1
2
0
2
1
2
0
3
3
2
1
2
0
4
3
1
0
1
2
2
2
3
1
1
1
2
3
1
0
1
0
1
1
1
0
3
3
2
0
2
1
0
2
3
4
1
2
1
2
1
2
2
1
1
0
1
1
3
1
1
0
2
0
4
2
2
2
0
1
2
2
4
2
3
0
1
2
1
2
1
1
2
0
2
1
2
3
1
3
0
4
1
1
4
0
2
4
0
0
1
2
2
2
2
1
0
0
1
3
3
0
3
1
3
2
0
0
2
1
0
1
1
0
1
1
2
0
2
2
1
1
1
1
3
1
0
0
1
2
0
1
0
4
0
2
1
2
0
0
0
0
0
1
0
1
0
2
0
0
1
0
0
1
2
1
1
0
0
2
1
0
2
0
0
1
0
3
1
3
0
0
1
1
0
3
0
0
1
2
1
0
0
0
1
0
1
0
1
2
1
0
2
0
0
0
1
0
1
1
1
3
0
0
0
1
0
2
2
1
1
1
2
0
1
2
1
1
0
2
1
0
1
2
0
0
1
1
1
1
0
1
0
0
0
0
0
0
0
0
1
1
0
0
0
1
1
0
1
0
0
1
0
1
0
0
0
0
2
0
0
0
0
0
0
0
1
0
2
0
0
0
1
0
0
0
0
0
0
0
0
1
2
0
1
1
0
0
0
1
0
1
1
0
0
0
1
2
2
0
0
0
0
0
0
1
0
1
0
0
1
0
1
0
0
0
1
0
0
1
0
0
2
2
1
0
0
2
0
4
0
0
1
1
1
0
0
1
2
1
0
0
0
0
2
1
2
1
2
1
0
0
2
0
2
2
0
2
1
3
2
2
2
2
3
0
1
0
2
1
1
2
2
5
1
1
0
2
3
0
1
0
3
1
1
2
0
0
1
1
1
0
0
1
0
3
2
0
1
1
1
0
0
1
0
0
0
1
0
0
1
0
0
0
0
0
0
0
0
0
0
1
1
0
0
0
1
0
1
0
0
0
0
0
0
1
0
0
0
0
0
0
0
0
0
0
0
0
0
0
1
0
1
0
1
1
0
1
0
0
0
0
0
0
0
0
0
0
0
0
0
0
0
0
1
0
0
0
0
0
0
0
0
0
0
0
0
0
0
0
0
0
0
1
1
0
0
0
0
0
0
0
0
1
0
1
0
0
1
0
0
0
0
1
0
0
1
1
0
1
0
0
0
0
0
0
0
0
2
0
0
2
0
1
0
0
0
0
0
0
0
0
0
0
0
0
0
0
0
0
0
1
0
0
0
0
0
0
0
0
0
0
0
0
0
0
0
0
0
0
0
0
0
1
0
0
0
0
1
0
0
0
0
0
1
0
0
1
1
0
0
0
0
0
0
0
0
0
0
0
0
0
0
0
0
0
0
0
0
0
0
1
0
