30
30
0
0
0
0
0
0
0
0
0
0
0
0
0
0
0
0
0
0
0
0
0
0
0
0
0
0
0
755
1008
1076
1302
1387
1589
1653
1878
1938
2097
2178
2299
2345
2503
2518
2719
2696
2960
3276
3443
3794
3765
3821
3455
3014
2652
2184
1773
1469
1277
1089
875
807
661
568
476
372
293
256
198
154
129
128
117
80
86
79
101
78
79
76
75
53
60
61
55
59
74
73
52
62
55
58
68
51
64
41
47
45
50
57
56
60
56
44
57
64
57
59
52
46
58
42
46
59
63
37
57
41
50
43
47
45
47
50
48
56
37
37
25
41
52
41
31
39
40
44
41
33
41
38
40
44
35
36
42
32
37
27
33
38
38
30
29
35
27
30
27
23
31
30
27
39
23
25
25
39
29
25
26
23
38
25
28
23
22
35
18
21
29
23
19
30
24
23
33
22
30
24
27
18
17
33
12
24
18
26
28
32
23
21
29
24
18
25
26
25
21
27
22
14
19
19
19
17
25
21
17
18
20
25
22
28
24
24
17
22
29
20
21
21
21
22
33
26
21
10
25
16
17
31
14
19
23
17
20
14
18
17
22
23
16
21
14
20
28
14
20
10
15
19
15
6
10
12
8
11
5
15
7
5
11
10
5
7
12
7
8
12
12
7
6
9
11
9
13
15
7
7
5
5
5
10
4
3
11
8
9
8
7
9
6
6
7
3
4
4
9
5
5
4
8
8
9
3
7
7
6
6
7
5
3
3
5
8
7
3
7
7
5
8
4
5
16
8
12
6
6
18
24
20
19
30
35
28
43
50
51
65
64
81
82
98
105
124
113
111
125
130
143
150
144
128
144
145
151
109
116
120
109
95
107
83
68
67
52
51
32
26
29
30
18
20
12
15
18
8
10
4
6
5
3
4
2
5
2
1
4
2
3
0
0
0
3
2
0
2
2
3
0
2
1
2
2
1
1
3
2
3
1
2
2
0
1
5
2
2
2
1
0
2
0
1
0
1
1
2
0
1
0
2
2
1
0
3
0
0
1
1
1
0
1
0
1
0
2
0
2
0
2
2
0
1
2
1
0
2
0
0
1
3
0
2
0
0
0
2
1
1
0
1
2
2
1
0
2
1
1
2
3
3
2
1
2
0
2
0
2
3
0
1
1
0
3
2
4
1
2
3
1
1
0
1
2
1
2
0
2
2
1
1
1
2
0
2
1
0
3
1
0
1
1
2
3
0
0
0
1
2
2
1
1
1
2
0
0
0
2
0
0
2
0
0
0
2
0
1
0
1
0
0
1
0
2
1
1
4
0
0
0
0
2
1
1
0
0
0
1
0
0
0
0
2
4
1
0
1
2
0
2
0
1
1
1
0
3
2
1
0
1
1
1
2
1
1
1
0
1
0
1
0
3
0
1
1
1
1
2
0
0
1
0
0
0
1
0
1
0
0
0
0
0
2
1
1
0
1
0
0
0
0
0
1
0
0
0
0
0
0
1
0
0
1
1
2
0
0
0
2
1
1
0
0
0
0
0
1
1
0
2
0
0
1
0
0
0
2
0
0
0
0
0
1
1
0
1
0
0
0
1
0
0
0
1
2
0
1
3
0
0
1
1
0
0
0
0
0
0
0
0
1
0
0
0
1
0
0
0
0
1
1
0
0
1
0
0
0
0
0
0
0
0
0
0
1
0
0
1
1
0
0
1
0
1
1
0
0
0
0
0
2
0
1
0
0
1
1
1
0
0
1
0
0
0
1
1
2
1
0
1
1
2
2
2
3
0
2
2
0
5
2
2
5
2
0
1
4
1
1
2
3
0
1
2
2
1
1
0
4
1
0
0
0
1
0
1
0
2
0
4
0
0
1
0
0
0
0
0
0
0
0
0
0
0
0
0
0
0
1
1
1
0
1
0
0
0
0
0
0
0
0
0
0
0
0
1
0
0
0
0
0
0
1
0
0
0
0
0
0
0
0
0
0
0
0
0
0
0
0
0
0
0
0
1
0
0
0
0
0
0
0
0
0
0
1
2
0
0
0
0
1
1
0
1
0
0
1
0
1
0
0
0
0
0
0
0
0
0
0
0
0
0
0
0
0
0
0
0
0
1
0
0
0
0
1
0
1
1
0
0
0
1
0
0
0
0
0
0
1
0
0
0
0
2
0
0
0
1
1
1
0
1
0
0
0
0
0
0
0
1
0
0
0
0
0
0
0
0
1
0
0
0
0
0
0
0
0
0
0
0
0
0
0
0
0
0
0
1
0
0
0
0
0
1
0
0
0
0
0
0
0
0
0
0
1
1
0
0
0
0
0
0
0
0
0
0
0
2
0
0
0
0
0
0
0
