30
30
0
0
0
0
0
0
0
0
0
0
0
0
0
0
0
0
0
0
0
0
0
0
0
0
0
0
0
998
1123
1290
1460
1684
1759
1948
1986
2208
2304
2433
2495
2585
2696
2787
2857
2958
3258
3384
3645
3723
3979
3838
3570
3168
2681
2456
1973
1851
1658
1407
1294
1093
929
845
620
473
384
302
235
189
151
126
104
84
97
80
72
67
79
69
53
73
56
53
61
45
44
67
63
59
60
57
69
48
60
65
58
46
56
49
64
61
41
54
52
51
47
56
62
50
56
61
55
57
47
59
42
44
39
41
40
38
48
44
44
44
27
50
37
25
51
55
53
39
44
42
34
36
32
37
31
43
40
34
35
35
24
32
28
31
41
34
26
25
23
23
24
23
27
38
22
28
31
20
24
17
20
26
24
32
22
18
25
27
23
19
30
23
19
21
16
24
15
25
20
25
25
24
25
17
22
20
21
24
30
20
23
16
33
23
22
22
31
17
12
16
27
17
23
12
13
22
14
20
22
26
17
17
20
23
16
25
23
21
13
19
21
16
27
23
27
26
21
14
12
22
18
28
20
23
20
20
17
23
23
22
13
18
17
17
23
16
20
15
7
18
13
21
21
17
11
17
12
11
9
20
11
13
6
8
10
7
7
6
7
11
19
10
13
8
6
10
5
10
6
5
10
14
7
8
4
6
9
8
8
5
13
7
8
5
9
9
1
10
6
6
6
3
8
5
6
8
6
4
6
6
14
8
5
8
5
12
8
6
11
7
8
12
11
10
13
10
3
12
10
10
11
15
18
25
22
18
29
27
41
47
46
46
66
55
77
67
95
104
102
110
116
122
142
127
127
124
119
123
126
112
118
107
88
86
73
76
60
56
48
42
38
26
20
26
21
18
10
5
11
6
7
5
9
6
4
2
1
1
3
2
1
4
3
3
3
2
1
1
1
1
1
0
0
1
1
2
2
3
0
4
3
2
0
0
2
1
3
2
2
3
2
3
3
3
1
0
2
0
2
1
0
2
1
0
1
3
0
1
0
1
2
3
1
1
1
4
3
0
5
1
2
0
2
1
1
3
0
0
0
1
0
2
2
1
2
1
1
2
1
1
3
2
0
2
1
1
1
2
1
2
4
1
2
2
1
0
2
1
0
0
1
1
1
1
2
0
0
1
1
1
0
1
2
0
0
1
2
1
1
1
2
2
2
1
3
0
1
3
2
2
0
0
1
0
1
2
2
2
2
0
0
0
1
1
1
1
0
0
1
2
1
0
1
3
1
0
1
1
3
1
1
1
0
1
2
1
0
1
0
0
1
2
2
0
2
1
0
1
1
0
0
1
1
0
1
2
2
0
2
1
0
2
2
0
1
0
0
2
0
1
2
4
1
1
1
1
3
1
2
0
0
2
0
0
0
1
0
1
3
0
0
1
0
1
2
0
2
0
3
2
0
2
0
1
3
1
0
0
0
0
1
1
1
1
1
1
0
1
0
1
1
4
0
0
0
1
2
0
1
1
0
2
0
0
2
2
0
1
2
1
1
0
0
0
1
1
0
0
0
1
0
0
0
0
0
0
1
2
1
2
0
0
2
0
0
1
2
2
0
1
0
0
0
3
0
1
0
1
0
0
2
2
0
2
1
1
0
1
0
1
1
0
0
1
2
0
1
1
0
1
0
1
0
0
1
0
1
0
1
0
1
1
0
0
0
0
0
0
0
0
1
1
0
0
3
1
2
1
1
2
0
2
1
3
0
0
3
0
1
0
2
3
1
1
0
2
3
1
0
1
3
0
5
1
2
2
3
4
2
2
1
2
0
4
1
3
2
1
1
0
1
0
0
1
0
1
0
2
1
0
1
0
1
1
0
0
0
0
0
0
0
0
0
1
0
0
0
0
0
0
0
1
0
0
0
0
0
0
0
0
0
1
0
1
0
0
0
0
0
0
1
0
0
1
0
0
0
0
0
0
0
0
0
0
0
0
0
0
0
0
0
0
0
0
0
0
0
0
0
0
0
0
0
0
0
0
0
0
0
0
0
1
0
0
0
0
0
1
0
0
0
0
0
0
0
1
0
0
0
0
1
0
0
1
0
0
1
0
0
0
2
0
0
0
0
0
0
0
0
0
0
0
1
0
0
0
0
0
1
0
0
0
0
0
1
0
0
0
1
0
0
0
0
0
0
0
0
1
0
0
0
0
0
0
0
0
0
1
0
0
0
0
1
0
0
0
0
0
0
1
0
0
0
0
1
0
0
0
0
0
1
0
1
0
0
0
0
0
0
0
0
0
0
0
1
0
0
0
0
0
0
0
0
0
0
0
0
0
0
0
0
2
0
0
0
0
0
0
