30
30
0
0
0
0
0
0
0
0
0
0
0
0
0
0
0
0
0
0
0
0
0
0
0
0
0
0
0
810
977
1167
1275
1452
1621
1701
1856
2058
2056
2221
2368
2386
2451
2522
2669
2799
3017
3354
3495
3728
3822
3764
3489
3144
2696
2265
1867
1516
1282
1139
874
820
675
557
452
394
338
271
196
180
126
122
105
101
101
91
72
82
68
90
71
68
58
75
56
87
64
76
61
70
54
65
68
76
67
56
58
63
70
69
70
75
75
64
56
82
74
80
80
70
62
70
72
65
66
73
72
65
61
56
58
68
54
65
54
50
55
74
52
48
56
47
62
46
42
42
54
49
49
52
48
37
40
38
38
34
44
44
33
38
38
31
43
26
27
35
32
29
18
27
43
27
45
26
31
33
25
25
30
28
30
30
33
28
29
29
24
24
36
30
26
35
22
38
29
34
31
29
25
25
23
22
27
24
24
19
29
31
29
30
25
23
16
21
23
26
26
31
23
17
30
20
28
15
31
26
28
25
34
29
22
21
24
27
25
24
23
15
32
23
23
22
18
18
26
16
27
22
19
24
25
25
13
21
18
25
19
24
24
14
20
21
19
15
21
16
15
14
23
15
12
14
7
15
15
10
9
11
19
11
6
10
8
8
6
18
11
8
5
7
12
12
8
9
8
4
5
8
0
5
7
5
8
6
4
1
8
3
2
5
2
1
1
5
2
3
4
8
2
5
6
5
7
7
3
5
7
3
2
4
5
5
3
9
4
3
3
5
4
2
5
5
2
4
3
2
5
7
4
6
3
2
3
1
5
3
2
5
4
6
4
4
3
0
5
3
3
4
6
7
5
1
7
5
4
5
2
3
2
4
1
6
4
5
2
4
4
5
3
3
3
2
0
3
1
1
2
4
3
0
4
0
1
1
2
7
2
2
3
4
1
5
1
4
0
0
3
5
2
1
5
3
3
2
1
1
0
2
2
1
1
3
1
4
2
1
2
1
6
1
2
4
0
1
1
2
2
4
0
0
2
0
3
2
1
0
0
1
0
1
2
4
1
0
0
1
1
1
0
1
1
1
1
4
3
1
2
1
0
2
1
1
3
0
1
1
2
1
0
3
2
1
2
0
0
1
3
2
0
1
2
3
3
0
2
3
1
1
2
1
1
0
3
2
2
1
2
1
0
1
0
1
1
0
3
1
1
2
1
1
0
0
0
2
1
1
0
0
2
0
3
1
1
1
1
1
1
0
1
1
0
0
2
1
1
1
1
1
1
0
1
1
2
0
0
2
0
0
3
1
1
1
3
1
0
1
0
1
1
1
0
0
4
0
1
2
2
2
2
0
1
0
0
1
3
4
0
1
1
1
0
0
0
1
1
0
1
1
1
0
0
1
0
1
1
3
2
1
0
2
3
0
0
0
1
0
0
1
2
3
0
0
0
0
2
1
1
2
0
0
1
0
2
0
0
1
1
0
1
1
2
2
2
2
0
1
1
0
0
0
1
0
1
1
0
0
1
1
0
1
0
0
0
0
1
2
2
2
3
1
1
1
0
0
0
1
0
0
0
1
0
0
0
0
0
1
1
3
1
0
2
0
0
0
0
0
2
1
1
0
0
1
0
1
0
0
0
0
0
1
0
0
1
0
0
0
2
2
1
0
0
0
0
0
3
0
0
1
0
0
0
1
0
2
1
0
1
2
0
0
1
3
0
0
1
1
1
0
0
0
0
0
0
1
1
0
0
3
0
2
2
3
1
2
0
3
3
1
2
2
0
0
2
1
0
0
1
0
3
2
1
0
2
1
2
4
1
1
1
3
2
2
0
3
0
1
1
1
0
0
0
1
0
0
1
1
1
0
0
0
1
0
0
0
0
0
0
0
0
0
0
0
0
0
1
1
0
0
0
0
0
0
0
0
0
0
1
0
0
0
1
0
0
0
0
0
0
0
0
0
0
0
0
0
0
1
1
0
0
0
0
0
0
1
0
0
0
0
0
1
0
0
0
0
0
0
0
0
0
0
0
0
0
0
0
0
0
0
0
1
1
0
0
0
0
0
1
0
0
0
0
0
0
0
0
1
0
0
1
0
0
1
1
0
0
0
0
0
0
0
0
1
0
0
0
0
1
1
0
1
0
0
0
0
0
1
1
0
0
0
0
0
0
0
0
0
0
0
0
0
0
0
0
0
0
0
0
0
0
0
0
0
0
0
0
0
1
0
0
0
1
1
0
0
0
0
0
0
0
0
0
0
0
0
0
0
0
1
0
0
0
1
0
0
0
0
0
0
0
0
0
0
0
1
0
1
0
0
0
0
0
0
0
0
0
0
0
1
0
0
0
0
0
0
